%time,field.header.seq,field.header.stamp,field.header.frame_id,field.pose.position.x,field.pose.position.y,field.pose.position.z,field.pose.orientation.x,field.pose.orientation.y,field.pose.orientation.z,field.pose.orientation.w
1563269738652180733,5373,1563269738079900000,/map,437274.03125,115629.601562,12.5670309067,-0.0124017589797,-0.00343847404584,0.944923957221,0.327036830251
1563269738654146851,5374,1563269738180764000,/map,437274.03125,115629.601562,12.5712442398,-0.0126133126854,-0.00320686077707,0.944934564794,0.327000441353
1563269738657227794,5375,1563269738282182000,/map,437274.03125,115629.59375,12.5703134537,-0.0126603122085,-0.00335269351406,0.944944426838,0.326968662304
1563269738662812058,5376,1563269738382581000,/map,437274.03125,115629.59375,12.5733594894,-0.0127200862374,-0.00307721774485,0.94493968541,0.326982753482
1563269738841468614,5377,1563269738483408000,/map,437274.03125,115629.59375,12.570274353,-0.0125390401076,-0.00337796522642,0.944951286674,0.326953249925
1563269738841500263,5378,1563269738584191000,/map,437274.03125,115629.59375,12.5699110031,-0.0126765675975,-0.00314313500078,0.944945623759,0.326966654988
1563269739220081115,5381,1563269738886783000,/map,437274.03125,115629.601562,12.5715703964,-0.0127418522884,-0.00319696123786,0.944936770247,0.326989181585
1563269739231850017,5382,1563269738987677000,/map,437274.03125,115629.59375,12.5696487427,-0.0125696694172,-0.00336685170669,0.944936422215,0.326995146282
1563269739456927535,5385,1563269739290223000,/map,437274.0,115629.601562,12.5656023026,-0.0126165047593,-0.00331863053055,0.944935688332,0.326995956267
1563269739837086203,5386,1563269739391128000,/map,437274.03125,115629.59375,12.5732154846,-0.0127940483912,-0.0031802297561,0.944938931984,0.326981059522
1563269739839690040,5387,1563269739491983000,/map,437274.03125,115629.601562,12.5698165894,-0.0125986588008,-0.00333896863101,0.944923147457,0.327032674951
1563269739840772863,5388,1563269739592847000,/map,437274.03125,115629.601562,12.5722007751,-0.0126861704179,-0.00312534858785,0.944934801147,0.326997729131
1563269740369759880,5393,1563269740097202000,/map,437274.03125,115629.59375,12.5705909729,-0.0126481940278,-0.00333160744808,0.94494141585,0.326978048486
1563269740369788969,5394,1563269740198186000,/map,437274.0,115629.59375,12.5710792542,-0.0128172606016,-0.00325140533562,0.944963040867,0.326909769798
1563269740666030417,5395,1563269740298869000,/map,437274.0,115629.59375,12.567779541,-0.0126174139039,-0.0033044954544,0.944958416961,0.326930376979
1563269740666054258,5396,1563269740399697000,/map,437274.0,115629.601562,12.5670394897,-0.0124482347736,-0.0033511158601,0.94493343681,0.327008580121
1563269740666084307,5397,1563269740500579000,/map,437274.0,115629.601562,12.5735254288,-0.0128256891343,-0.00316184381897,0.944925569009,0.327018613346
1563269741432144697,5401,1563269740903965000,/map,437274.0,115629.601562,12.5679721832,-0.012669390257,-0.00323019284444,0.944984322366,0.326854222686
1563269741432264157,5402,1563269741005374000,/map,437274.0,115629.601562,12.570432663,-0.0126186866897,-0.00316697186619,0.944997763659,0.326817939707
1563269741432391074,5403,1563269741106418000,/map,437274.0,115629.601562,12.5697727203,-0.012634370376,-0.00326573528487,0.944990944748,0.326836078185
1563269741432401378,5404,1563269741207094000,/map,437274.0,115629.601562,12.5698461533,-0.0125368921413,-0.00320775182211,0.944987494042,0.326850382848
1563269742475887757,5413,1563269742114308000,/map,437274.03125,115629.609375,12.5653057098,-0.0124672778404,-0.00302058310727,0.945187632576,0.326275623188
1563269743247822309,5415,1563269742316035000,/map,437274.03125,115629.617188,12.5615243912,-0.0122248271712,-0.00307853979055,0.945225687401,0.326173996618
1563269743974650379,5416,1563269743122844000,/map,437274.0,115629.617188,12.5594854355,-0.0120288638177,-0.00310860799448,0.945218773022,0.326201033287
1563269744016743345,5417,1563269743929753000,/map,437274.0,115629.617188,12.5587091446,-0.0119059732843,-0.00307501095509,0.944963236726,0.326945367523
1563269744183114404,5418,1563269744030810000,/map,437274.0,115629.609375,12.5554590225,-0.0117292730455,-0.00314564450426,0.944656132819,0.327837337413
1563269744934892906,5419,1563269744131446000,/map,437273.96875,115629.617188,12.5571727753,-0.0115233764315,-0.00316612651959,0.944044531406,0.329601441381
1563269745176823988,5420,1563269744837477000,/map,437273.78125,115629.765625,12.5510902405,-0.0116275754514,-0.00334868293028,0.933954824236,0.357186186879
1563269745271395063,5421,1563269745140380000,/map,437273.65625,115629.90625,12.5465497971,-0.0111322779346,-0.00328262984953,0.930222371299,0.366812808752
1563269745357338339,5422,1563269745240926000,/map,437273.59375,115629.976562,12.5412626266,-0.0104666673469,-0.00350532686262,0.929357038539,0.369017149297
1563269745424795160,5423,1563269745341889000,/map,437273.53125,115630.039062,12.531457901,-0.0106233407256,-0.00360785259161,0.92897260189,0.369978422302
1563269746263894811,5424,1563269745442583000,/map,437273.4375,115630.125,12.5296096802,-0.0102063054008,-0.0035849564011,0.929008543833,0.369900128283
1563269746432194579,5425,1563269746148772000,/map,437272.6875,115630.804688,12.4880819321,-0.00578465831921,-0.00392695834207,0.937535715587,0.347818772818
1563269746535373866,5426,1563269746350684000,/map,437272.375,115631.0625,12.4801912308,-0.00581560585905,-0.00355585686211,0.940968977083,0.338424169907
1563269746613394011,5427,1563269746451363000,/map,437272.21875,115631.203125,12.471909523,-0.00600917262536,-0.00330090459429,0.942813385403,0.33325052765
1563269746701557463,5428,1563269746552116000,/map,437272.0,115631.351562,12.4718017578,-0.00632277937972,-0.00339088715239,0.944642778553,0.328022171922
1563269746783191177,5429,1563269746653281000,/map,437271.78125,115631.492188,12.4921569824,-0.00709434379287,-0.00383174172549,0.946200462294,0.323480560771
1563269746864311880,5430,1563269746753767000,/map,437271.53125,115631.648438,12.476732254,-0.00664827915827,-0.00408683781873,0.947521134285,0.319597869556
1563269746958356951,5431,1563269746854660000,/map,437271.3125,115631.828125,12.4631128311,-0.00670298636427,-0.00380436980284,0.948496848359,0.31669279341
1563269747073928171,5432,1563269746955499000,/map,437271.0625,115632.0,12.4535493851,-0.00635061404408,-0.00397086302744,0.949122957405,0.314816635002
1563269747183305216,5433,1563269747056337000,/map,437270.8125,115632.1875,12.4533939362,-0.00735508545711,-0.00385750074069,0.94952691581,0.313575602621
1563269748070477633,5434,1563269747157279000,/map,437270.59375,115632.367188,12.4474563599,-0.00778943955201,-0.00383989002313,0.949875116866,0.312508947447
1563269748914373712,5435,1563269747965276000,/map,437268.09375,115634.078125,12.4006671906,-0.00951917438454,-0.00354290009997,0.951900213005,0.306239804172
1563269749080373110,5436,1563269748871814000,/map,437265.125,115636.132812,12.3252973557,-0.0111304935995,-0.00302752208849,0.952849982749,0.303222453979
1563269749188146418,5437,1563269748972707000,/map,437264.78125,115636.367188,12.3087501526,-0.0114357878454,-0.00302251613692,0.952934552207,0.302945253079
1563269749375337936,5438,1563269749073562000,/map,437264.4375,115636.601562,12.3037071228,-0.011233906891,-0.00309018927799,0.953016119146,0.302695435568
1563269749501306329,5439,1563269749275220000,/map,437263.78125,115637.070312,12.2941246033,-0.0115759213046,-0.0032570161848,0.953352505324,0.301619612234
1563269750346296879,5440,1563269749376228000,/map,437263.40625,115637.289062,12.2531776428,-0.0122168321669,-0.00292829856388,0.953448933195,0.301292724553
1563269750607708789,5441,1563269750283904000,/map,437260.25,115639.414062,12.1775093079,-0.0118704944202,-0.00359650749279,0.954734157835,0.297201689698
1563269750665592595,5442,1563269750485627000,/map,437259.53125,115639.890625,12.1709337234,-0.0111992670653,-0.00369366668576,0.955031307672,0.296270374169
1563269750741714687,5443,1563269750586641000,/map,437259.1875,115640.125,12.1557884216,-0.011108753394,-0.00371351447397,0.955233207059,0.295621930074
1563269750856534520,5444,1563269750687564000,/map,437258.8125,115640.351562,12.1275444031,-0.011176525125,-0.0036137985836,0.955408312164,0.295054203146
1563269750936297830,5445,1563269750788204000,/map,437258.4375,115640.601562,12.1429185867,-0.0103083237209,-0.00393979082676,0.955540416368,0.294653574895
1563269751023443934,5446,1563269750889025000,/map,437258.09375,115640.835938,12.1211776733,-0.0107131114696,-0.00405888171892,0.955741220323,0.293985500487
1563269751103617019,5447,1563269750989868000,/map,437257.71875,115641.085938,12.1440467834,-0.00968050972044,-0.00436608930138,0.955850825057,0.293660390985
1563269751277385368,5448,1563269751090767000,/map,437257.34375,115641.335938,12.1378631592,-0.00878097441219,-0.00443609067146,0.956123398725,0.292799012975
1563269752086826354,5449,1563269751191609000,/map,437256.96875,115641.578125,12.1099433899,-0.00910484619785,-0.00437024744071,0.956679585372,0.290967650513
1563269752308695309,5450,1563269751998498000,/map,437253.875,115643.40625,12.0354261398,-0.00947984542947,-0.0041169162761,0.966349646209,0.257024405073
1563269752478756005,5451,1563269752200316000,/map,437253.09375,115643.851562,12.0195198059,-0.00805132898968,-0.00355309888642,0.96956652786,0.244669776728
1563269752622427113,5452,1563269752401935000,/map,437252.28125,115644.242188,11.9842891693,-0.00879323948734,-0.00366468502033,0.972861235671,0.231193133876
1563269752748260077,5453,1563269752503038000,/map,437251.84375,115644.429688,11.9506664276,-0.0103589114926,-0.00347214411886,0.974590572838,0.223727183203
1563269752855353521,5454,1563269752704590000,/map,437251.0,115644.804688,11.9646635056,-0.00780760780232,-0.00376582670761,0.97811616446,0.207878879716
1563269752941796303,5455,1563269752805398000,/map,437250.5625,115644.976562,11.9582138062,-0.00797313935893,-0.00361916997557,0.979947849856,0.199061654321
1563269753123377252,5456,1563269752906392000,/map,437250.125,115645.15625,11.9660634995,-0.00698423333744,-0.00384345178231,0.981728627075,0.19011930766
1563269753280504203,5457,1563269753007055000,/map,437249.65625,115645.328125,11.9468450546,-0.0075259543748,-0.00347249543036,0.983438790994,0.181050949059
1563269753305930748,5458,1563269753209127000,/map,437248.71875,115645.648438,11.9284620285,-0.00724910730132,-0.00324319480466,0.986682681045,0.162462977493
1563269753427454981,5459,1563269753309662000,/map,437248.25,115645.78125,11.9357414246,-0.00644948588655,-0.00347047942312,0.988134670333,0.153415231284
1563269753555232783,5460,1563269753410445000,/map,437247.84375,115645.9375,11.9449644089,-0.00536318073017,-0.0032079567704,0.989577225669,0.143867507597
1563269753627127459,5461,1563269753511379000,/map,437247.375,115646.09375,11.9219837189,-0.00581791285253,-0.00345817627384,0.990924887125,0.134246269903
1563269753755789165,5462,1563269753612294000,/map,437246.875,115646.203125,11.9248571396,-0.00546687527183,-0.00318807827092,0.99215242587,0.124873989576
1563269753874081123,5463,1563269753713243000,/map,437246.40625,115646.328125,11.8959903717,-0.00627123427363,-0.00333323130748,0.993359602686,0.114831445783
1563269753980590449,5464,1563269753813928000,/map,437245.90625,115646.398438,11.8903102875,-0.00699372877727,-0.00333608385497,0.994347652185,0.105890060425
1563269754114634140,5465,1563269753914765000,/map,437245.4375,115646.5,11.8907432556,-0.00623752980613,-0.00317960844858,0.995295544974,0.0966320933561
1563269754243578416,5466,1563269754017634000,/map,437244.9375,115646.570312,11.8903083801,-0.00597199390593,-0.0032793912106,0.996176109324,0.0871018948948
1563269754333345893,5467,1563269754116949000,/map,437244.46875,115646.664062,11.8876409531,-0.00482994108688,-0.00341288333484,0.996974949931,0.0774982135753
1563269754417725306,5468,1563269754217483000,/map,437244.0,115646.726562,11.8800125122,-0.00500877005846,-0.00289663327002,0.99770011656,0.0675351697544
1563269754658263027,5469,1563269754318289000,/map,437243.46875,115646.734375,11.8787508011,-0.00613347784338,-0.00334090562826,0.998280035313,0.0582081600423
1563269754898387581,5470,1563269754621146000,/map,437242.03125,115646.851562,11.8690795898,-0.0060990654228,-0.00303563610414,0.999284322785,0.0372079097973
1563269755005717609,5471,1563269754822639000,/map,437241.0,115646.890625,11.8622732162,-0.00653554006869,-0.00332917984884,0.999574077585,0.0282465342549
1563269755084136807,5472,1563269754923485000,/map,437240.46875,115646.921875,11.8641519547,-0.00565872813193,-0.00335998452563,0.999669258357,0.0248608768194
1563269755205595982,5473,1563269755024376000,/map,437240.0,115646.914062,11.8581504822,-0.00549351127757,-0.00344796548242,0.999738470557,0.0219299648144
1563269755286673132,5474,1563269755125148000,/map,437239.46875,115646.890625,11.8335866928,-0.00632194251569,-0.00341498987677,0.999786439213,0.019376450982
1563269755396795196,5475,1563269755226072000,/map,437238.9375,115646.914062,11.8519468307,-0.0053669497494,-0.00362766715998,0.999834079495,0.0170249628866
1563269755520434066,5476,1563269755326830000,/map,437238.40625,115646.953125,11.8051795959,-0.00555378670022,-0.00349722316464,0.999860124056,0.0153836668518
1563269755670670722,5477,1563269755427669000,/map,437237.90625,115646.9375,11.8138237,-0.00454584708391,-0.00351568766139,0.999892186162,0.0135126336057
1563269755743168588,5478,1563269755528549000,/map,437237.40625,115646.921875,11.8045091629,-0.00522574841247,-0.00329300179692,0.999898910966,0.012806855229
1563269755876280437,5479,1563269755629422000,/map,437236.84375,115646.960938,11.775812149,-0.00478735402074,-0.00318063310328,0.999916232629,0.0115970918341
1563269755969253406,5480,1563269755831163000,/map,437235.71875,115646.992188,11.7656145096,-0.00348714604024,-0.00336074773964,0.99995124965,0.00860485388848
1563269756057109199,5481,1563269755932002000,/map,437235.15625,115647.0,11.7723369598,-0.00281732174698,-0.00341076207274,0.999958685056,0.00794088035513
1563269756153310059,5482,1563269756034784000,/map,437234.625,115646.992188,11.7618503571,-0.00465449403756,-0.00312370257015,0.99995829767,0.00720979121564
1563269756245750977,5483,1563269756133641000,/map,437234.09375,115646.992188,11.7595920563,-0.00444189157208,-0.00330940600114,0.999960395256,0.00696601399787
1563269756375986947,5484,1563269756234587000,/map,437233.5,115646.992188,11.7530956268,-0.00556052279334,-0.00343484800037,0.999931800789,0.00967864534733
1563269756472447945,5485,1563269756335390000,/map,437233.03125,115646.984375,11.7401580811,-0.00500995332373,-0.00319763482949,0.999939581243,0.00924712727211
1563269756542381975,5486,1563269756436551000,/map,437232.53125,115646.992188,11.7425851822,-0.00416786540448,-0.0031481790157,0.999940526563,0.00957398574427
1563269756657028106,5487,1563269756537202000,/map,437232.0,115647.0,11.7280378342,-0.00386472339576,-0.00336206659279,0.9999415169,0.00952487280301
1563269756818370728,5488,1563269756638337000,/map,437231.46875,115646.984375,11.7415008545,-0.00471782108462,-0.00353893989694,0.999948322406,0.0082807357992
1563269756892083038,5489,1563269756739667000,/map,437230.9375,115646.976562,11.726518631,-0.00501868077868,-0.00338466566854,0.999954396666,0.00738657364088
1563269757016849500,5490,1563269756840546000,/map,437230.40625,115646.96875,11.7182331085,-0.00413325537035,-0.00334344342163,0.999960459465,0.00712861084986
1563269757099019873,5491,1563269756940603000,/map,437229.875,115646.960938,11.7010726929,-0.00388060630108,-0.00335355921376,0.999963175655,0.00688054284393
1563269757283396954,5492,1563269757041494000,/map,437229.3125,115646.96875,11.7070198059,-0.00264356361419,-0.00324516886833,0.999972541795,0.00611523562243
1563269757391024817,5493,1563269757243383000,/map,437228.25,115646.960938,11.6938209534,-0.000333135688156,-0.00339974418421,0.999975676388,0.00608090397439
1563269757474243995,5494,1563269757344202000,/map,437227.75,115646.9375,11.7021417618,-0.00337886783953,-0.00380525017548,0.999975974398,0.00470679832594
1563269757573214171,5495,1563269757444968000,/map,437227.21875,115646.921875,11.6853637695,-0.00349987569971,-0.00357569338738,0.999975887756,0.00481551589189
1563269757703122258,5496,1563269757547359000,/map,437226.6875,115646.914062,11.6781730652,-0.00318553659103,-0.00364006505684,0.999980501329,0.00394958799583
1563269757801427386,5497,1563269757646578000,/map,437226.125,115646.914062,11.6675729752,4.0819806685e-05,-0.00311606387148,0.999989186399,0.00345189281206
1563269757894387490,5498,1563269757747455000,/map,437225.59375,115646.914062,11.6728391647,0.001196584035,-0.00319144271032,0.999989054183,0.00320536960053
1563269757951917331,5499,1563269757849219000,/map,437225.0625,115646.90625,11.6695261002,0.00101312355187,-0.0028350657426,0.999991838596,0.00269420206343
1563269758075142458,5500,1563269757949529000,/map,437224.5,115646.90625,11.6785116196,0.00125419819888,-0.00262962993808,0.999992788081,0.00243635350551
1563269758246404604,5501,1563269758050093000,/map,437223.96875,115646.875,11.6669683456,-0.0010713541435,-0.00259730276196,0.999994579994,0.00171645018826
1563269758407794652,5502,1563269758151074000,/map,437223.4375,115646.882812,11.6533060074,-0.00456814978126,-0.00360078922011,0.999982550672,0.00103183164444
1563269758549363541,5503,1563269758353322000,/map,437222.3125,115646.84375,11.6474781036,0.0047737973825,0.00389513929938,-0.999980959369,0.000345901652953
1563269758609522372,5504,1563269758453460000,/map,437221.71875,115646.820312,11.6436605453,0.00423867596924,0.00389630996127,-0.999983314429,0.000472501891314
1563269758762927558,5505,1563269758554353000,/map,437221.1875,115646.8125,11.6154956818,0.00384819278052,0.00367908347629,-0.999985745075,0.000406698403014
1563269758877787264,5506,1563269758655189000,/map,437220.65625,115646.78125,11.6213531494,0.00334890838253,0.0036337700344,-0.999987532029,0.000718549829528
1563269759012950291,5507,1563269758756124000,/map,437220.0625,115646.773438,11.6079177856,0.00114270363436,0.0036175639991,-0.999992720175,0.000408724943524
1563269759046952055,5508,1563269758857546000,/map,437219.46875,115646.757812,11.627904892,-0.00219156873384,-0.00404423636337,0.999989377276,0.000294133011753
1563269759106412173,5509,1563269758957749000,/map,437218.90625,115646.734375,11.6060333252,-0.000801337529075,-0.00358578764661,0.999993041265,0.000646070603324
1563269759163494830,5510,1563269759059873000,/map,437218.34375,115646.71875,11.646941185,-0.00111589463133,-0.00361254549754,0.999991035021,0.00190635015686
1563269759260744816,5511,1563269759159518000,/map,437217.8125,115646.695312,11.6529102325,-0.00276159227311,-0.00416730872335,0.999983371873,0.00287456506362
1563269759387146889,5512,1563269759260352000,/map,437217.28125,115646.695312,11.6327619553,-0.00293994580464,-0.0040685876133,0.999981560404,0.00341791839911
1563269759476905822,5513,1563269759361261000,/map,437216.65625,115646.6875,11.6300077438,-0.00250791734767,-0.00434378015113,0.999978467362,0.00423163519464
1563269759646500421,5514,1563269759462213000,/map,437216.0625,115646.6875,11.628443718,-0.0017143092718,-0.0047089051092,0.999975747532,0.00483649717414
1563269759713580365,5515,1563269759564411000,/map,437215.5,115646.679688,11.6290502548,-0.00155849256238,-0.00413727565393,0.999975774594,0.005376269734
1563269759824085355,5516,1563269759663825000,/map,437214.9375,115646.65625,11.6279935837,-0.00226026893683,-0.00457208119311,0.999967448069,0.00625220435776
1563269759873772226,5517,1563269759765198000,/map,437214.375,115646.648438,11.6252450943,-0.00174088440093,-0.00418066131185,0.999965789533,0.00692178850487
1563269760031016749,5518,1563269759865543000,/map,437213.8125,115646.648438,11.6230735779,-0.00184301981271,-0.00382210789268,0.999965724875,0.00710941943912
1563269760163349627,5519,1563269759966422000,/map,437213.28125,115646.640625,11.6051130295,-0.00147203671082,-0.00374769483045,0.999967073696,0.00704552450459
1563269760243569498,5520,1563269760067240000,/map,437212.71875,115646.632812,11.6080541611,-0.00176838653508,-0.00370228611692,0.99996658346,0.00707091580484
1563269760361486786,5521,1563269760168046000,/map,437212.15625,115646.632812,11.614900589,-0.00115644298686,-0.00353923778648,0.9999697425,0.0068301186573
1563269760462993853,5522,1563269760268906000,/map,437211.59375,115646.632812,11.6051778793,-0.000802610348879,-0.003634123652,0.999972316085,0.00644329310814
1563269760584797712,5523,1563269760369757000,/map,437211.03125,115646.609375,11.5971031189,0.000520650850147,-0.00306458891016,0.999974807764,0.00638130508821
1563269760658483685,5524,1563269760470828000,/map,437210.5,115646.601562,11.6069135666,-0.000638568930604,-0.00390937280998,0.999973102347,0.00617281262733
1563269760744781854,5525,1563269760571516000,/map,437209.9375,115646.609375,11.6084661484,-0.00162371315046,-0.00427377497107,0.999972849999,0.0057790715489
1563269760846326267,5526,1563269760672425000,/map,437209.34375,115646.617188,11.5935783386,-0.0017253503643,-0.00415857201661,0.999972450507,0.00590149747894
1563269760956762614,5527,1563269760774021000,/map,437208.84375,115646.609375,11.6012334824,-0.00303398819508,-0.00483930033669,0.99996611852,0.00592772299554
1563269761047337641,5528,1563269760874117000,/map,437208.3125,115646.585938,11.5917520523,-0.00223195767442,-0.00456119593628,0.999970505343,0.00576214378609
1563269761130330251,5529,1563269760975131000,/map,437207.75,115646.578125,11.5923433304,-0.00252391256314,-0.00460108018923,0.999972163842,0.00530391053159
1563269761229743771,5530,1563269761075788000,/map,437207.21875,115646.585938,11.5796537399,-0.002298349327,-0.00487160250497,0.999975795118,0.00440389117938
1563269761305363989,5531,1563269761176642000,/map,437206.6875,115646.585938,11.5991268158,-0.001236333295,-0.00441687468527,0.999982578866,0.0037154627211
1563269761453909737,5532,1563269761278625000,/map,437206.1875,115646.578125,11.5900878906,0.00114658344474,-0.00345940496379,0.999990596129,0.00235064202039
1563269761546951060,5533,1563269761378353000,/map,437205.6875,115646.5625,11.5996074677,0.00252626196084,-0.00277634665487,0.999992651882,0.000778512080655
1563269761637197147,5534,1563269761479194000,/map,437205.1875,115646.539062,11.5828723907,-0.00446942571314,0.00251000428001,-0.999986731039,0.000511721770486
1563269761781564856,5535,1563269761580126000,/map,437204.65625,115646.539062,11.5843305588,-0.00587356471177,0.0010231677076,-0.999979121576,0.002492143137
1563269761857204563,5536,1563269761681130000,/map,437204.15625,115646.546875,11.5922203064,-0.00498332560042,0.00146368897695,-0.999980330624,0.0035160270735
1563269761966776815,5537,1563269761782016000,/map,437203.6875,115646.523438,11.5941114426,-0.00500445018693,0.00147498809452,-0.999976543933,0.00443750750841
1563269762096477310,5538,1563269761885652000,/map,437203.21875,115646.523438,11.5918512344,-0.00556638220467,0.00101598842289,-0.999964579843,0.00623074762394
1563269762179247001,5539,1563269761983582000,/map,437202.75,115646.546875,11.5902118683,-0.00517337557134,0.00170324380286,-0.999958399525,0.00731671821164
1563269762276299860,5540,1563269762084511000,/map,437202.28125,115646.515625,11.6156406403,-0.00545504472434,0.00144598800403,-0.999952733989,0.00791715815219
1563269762366803300,5541,1563269762185238000,/map,437201.84375,115646.515625,11.6051216125,-0.00528080763804,0.00196540209833,-0.9999476976,0.00853535763948
1563269762452455878,5542,1563269762286135000,/map,437201.4375,115646.515625,11.6292543411,-0.00527444004648,0.00222869770505,-0.999953909371,0.00770664144946
1563269762537894336,5543,1563269762386963000,/map,437201.03125,115646.5,11.6207714081,-0.00524244300796,0.00264904994515,-0.999964813581,0.00598923421447
1563269762612862499,5544,1563269762487823000,/map,437200.65625,115646.484375,11.6325025558,-0.0049270494461,0.00298138823537,-0.999977704868,0.00338012935501
1563269762718989476,5545,1563269762588795000,/map,437200.28125,115646.476562,11.6333093643,-0.00502151119573,0.00281238355429,-0.999982338135,0.00148268095531
1563269762819626240,5546,1563269762689702000,/map,437199.9375,115646.46875,11.6446180344,0.00493307676965,-0.0023591115788,0.999985007686,0.000289396470985
1563269762912432258,5547,1563269762790430000,/map,437199.625,115646.484375,11.6409740448,0.00366708861382,-0.00323303913648,0.999984220923,0.00276727738408
1563269762991302033,5548,1563269762891393000,/map,437199.3125,115646.492188,11.6481266022,0.00325958199499,-0.00348456230812,0.999975808894,0.00506108464274
1563269763143807218,5549,1563269762992138000,/map,437199.0625,115646.5,11.6544685364,0.00309785019019,-0.00381513644983,0.999966329195,0.00657179837653
1563269763220764124,5550,1563269763093109000,/map,437198.8125,115646.5,11.6429224014,0.00249502782285,-0.00342946698407,0.999959928047,0.00788390084578
1563269763356854545,5551,1563269763194034000,/map,437198.65625,115646.507812,11.6540241241,0.0024804046664,-0.00403372222472,0.999947839292,0.00904960621593
1563269763507276167,5552,1563269763294714000,/map,437198.5,115646.507812,11.6524887085,0.00171974703785,-0.00436757948437,0.999940714846,0.00982514696725
1563269763577113106,5553,1563269763395562000,/map,437198.375,115646.507812,11.6624565125,0.00161197937939,-0.00437029643834,0.999938022119,0.0101120696367
1563269763660538852,5554,1563269763496600000,/map,437198.25,115646.507812,11.6674995422,0.00240677587637,-0.00405406312052,0.999933296421,0.0105439418923
1563269763731092136,5555,1563269763597322000,/map,437198.15625,115646.507812,11.6550045013,0.00314806271958,-0.00336341374581,0.999931721079,0.0107391958992
1563269763820533298,5556,1563269763698155000,/map,437198.09375,115646.507812,11.6520137787,0.00298168589791,-0.00358198683286,0.999932037697,0.0106863888398
1563269763948606951,5557,1563269763799061000,/map,437198.0,115646.515625,11.6533708572,0.0029948821663,-0.0036982952637,0.99992907538,0.0109177608628
1563269764011007110,5558,1563269763899986000,/map,437197.9375,115646.507812,11.6551895142,0.00279526783977,-0.00388401112194,0.99992862468,0.0109474417395
1563269764122393124,5559,1563269764000787000,/map,437197.875,115646.507812,11.6547641754,0.00285538667814,-0.00356875758707,0.999927523368,0.0111381662181
1563269764202214548,5560,1563269764102858000,/map,437197.8125,115646.507812,11.6515741348,0.00282194502637,-0.00401839697963,0.999924612435,0.0112542684982
1563269764441266552,5561,1563269764202421000,/map,437197.78125,115646.507812,11.6563625336,0.00253723350455,-0.00378602493585,0.999927584893,0.0111379276461
1563269764544643030,5562,1563269764404110000,/map,437197.75,115646.515625,11.6603908539,0.00222869141435,-0.00414388077508,0.99992503111,0.0113045719197
1563269764622628229,5563,1563269764505001000,/map,437197.71875,115646.5,11.6601696014,0.00231993790105,-0.00397101159384,0.999924690846,0.011378118954
1563269764706575850,5564,1563269764606046000,/map,437197.71875,115646.5,11.655090332,0.00253881035892,-0.00394053171095,0.999922807849,0.0115067369183
1563269764795439679,5565,1563269764707271000,/map,437197.71875,115646.492188,11.6543645859,0.00248529570608,-0.00387248830329,0.999923013196,0.0115236635326
1563269764918888846,5566,1563269764807645000,/map,437197.71875,115646.492188,11.6640119553,0.00319151321777,-0.00377038437383,0.999922728651,0.0114076803615
1563269765054541010,5567,1563269764908600000,/map,437197.71875,115646.5,11.6650400162,0.00356098356774,-0.00292682485506,0.999924345535,0.0114042228192
1563269765129166536,5568,1563269765009441000,/map,437197.75,115646.5,11.6669025421,0.00366640609531,-0.0027803978369,0.99992546817,0.0113086231837
1563269765197141136,5569,1563269765110111000,/map,437197.75,115646.5,11.6612081528,0.00355628173826,-0.00274399465624,0.999922876539,0.011578615054
1563269765318649593,5570,1563269765211059000,/map,437197.75,115646.492188,11.6655273438,0.00373002036651,-0.00263673106275,0.999924456064,0.0114112559656
1563269765432069024,5571,1563269765312076000,/map,437197.75,115646.5,11.6646614075,0.00371916238368,-0.00297682191555,0.999923499693,0.0114149517529
1563269765513051930,5572,1563269765412816000,/map,437197.71875,115646.5,11.664273262,0.00385307267792,-0.00292017994214,0.999923173289,0.0114137591987
1563269765606253867,5573,1563269765513689000,/map,437197.71875,115646.5,11.6575193405,0.00382670087676,-0.00275673399083,0.999925383897,0.0112686918937
1563269765741665639,5574,1563269765614625000,/map,437197.71875,115646.484375,11.6734142303,0.00522103901651,-0.00149918866839,0.999927303232,0.0107648240369
1563269765835646292,5575,1563269765715456000,/map,437197.71875,115646.484375,11.657784462,0.00496652338108,-0.00185442881519,0.999926525377,0.0109013112307
1563269765990118812,5576,1563269765816221000,/map,437197.6875,115646.492188,11.6662855148,0.00531089637267,-0.00160711669324,0.999928595287,0.0105837556131
1563269766074545074,5577,1563269765917069000,/map,437197.65625,115646.492188,11.6628694534,0.00506918683614,-0.00166689364179,0.99993119356,0.0104466719692
1563269766215345167,5578,1563269766017888000,/map,437197.625,115646.492188,11.6633787155,0.00509473711891,-0.00157164667212,0.999935428654,0.0100355420222
1563269766312012892,5579,1563269766118762000,/map,437197.5625,115646.5,11.6631507874,0.00477681882862,-0.00164856643802,0.999941097992,0.00960545558445
1563269766438638973,5580,1563269766219596000,/map,437197.5,115646.507812,11.6627845764,0.00444383273626,-0.00207547664758,0.999945573704,0.00920838622622
1563269766560163847,5581,1563269766320441000,/map,437197.46875,115646.515625,11.66705513,0.00422164121478,-0.00236175833919,0.999948796414,0.00888844154899
1563269766725877762,5582,1563269766522328000,/map,437197.3125,115646.507812,11.6673259735,0.00450632851166,-0.00264522545601,0.999957969789,0.00753355436034
1563269766777330297,5583,1563269766623102000,/map,437197.21875,115646.507812,11.6677207947,0.00459573815066,-0.00248090383489,0.999964259,0.00664868627135
1563269766840689115,5584,1563269766723977000,/map,437197.09375,115646.515625,11.6694498062,0.00554061013781,-0.00192945979084,0.999967184092,0.00558655192874
1563269766944109242,5585,1563269766825568000,/map,437196.96875,115646.507812,11.6705598831,0.00533235064339,-0.00196099804494,0.999975071276,0.00419253490893
1563269767045560755,5586,1563269766926116000,/map,437196.8125,115646.515625,11.6566848755,0.00577936521211,-0.00187044833103,0.999977704508,0.00277323771848
1563269767228248304,5587,1563269767026659000,/map,437196.59375,115646.484375,11.6645269394,0.00778161041744,-0.000207688952454,0.999969476605,0.000670270113343
1563269767546611474,5588,1563269767139795000,/map,437196.375,115646.460938,11.6701030731,-0.00815911366679,3.06463300554e-05,-0.999965497237,0.0015595708784
1563269767720504083,5589,1563269767329102000,/map,437195.90625,115646.445312,11.6793432236,-0.00913172076354,-0.0011815466018,-0.999938463688,0.00618744376937
1563269767868072227,5590,1563269767631648000,/map,437195.03125,115646.421875,11.6638936996,-0.0109632886413,-0.00118114396734,-0.999835969531,0.0143682021386
1563269768034456951,5591,1563269767833485000,/map,437194.3125,115646.375,11.6774625778,-0.0102654220261,0.00197998882078,-0.999767855925,0.0188397190573
1563269768136745230,5592,1563269767934163000,/map,437193.9375,115646.34375,11.6702213287,-0.0106624917017,0.00134861878126,-0.999735478062,0.0203338732676
1563269768252953688,5593,1563269768035053000,/map,437193.53125,115646.328125,11.6815919876,-0.0093579640772,0.00276708253757,-0.999736962393,0.0207551869972
1563269768364026475,5594,1563269768136540000,/map,437193.09375,115646.28125,11.6835441589,-0.0086751308568,0.00109485756839,-0.999761322784,0.0200210103927
1563269768488850283,5595,1563269768236880000,/map,437192.65625,115646.265625,11.6751794815,-0.00913557664817,0.00259110525447,-0.999788625307,0.0182354632378
1563269768666450129,5596,1563269768438714000,/map,437191.625,115646.210938,11.6844844818,-0.00935160913089,0.0014434022641,-0.999871373839,0.0129498947476
1563269768767022506,5597,1563269768539344000,/map,437191.09375,115646.164062,11.6952724457,-0.00823105101427,0.000260263833078,-0.999914733561,0.01013447925
1563269768840898822,5598,1563269768640258000,/map,437190.59375,115646.140625,11.67461586,-0.00688521767485,0.00185425550373,-0.999942653254,0.00799035150722
1563269768902843637,5599,1563269768746022000,/map,437190.0625,115646.132812,11.7080163956,-0.00766549647183,0.000981998421347,-0.999953259784,0.00580982701701
1563269769008800015,5600,1563269768841939000,/map,437189.5625,115646.117188,11.6977643967,-0.00539448839497,0.00107787103422,-0.999977413485,0.00386137386819
1563269769085112002,5601,1563269768945568000,/map,437189.03125,115646.101562,11.6953601837,-0.00496649035883,0.00171883529867,-0.999984545736,0.00181324769246
1563269769184289034,5602,1563269769043873000,/map,437188.5,115646.070312,11.7138538361,-0.00461210292785,0.00143317444503,-0.999988306557,0.000247522212571
1563269769285007688,5603,1563269769144505000,/map,437187.9375,115646.078125,11.704451561,0.00448558478166,-0.00141780351119,0.999988572218,0.000851348868264
1563269769413039899,5604,1563269769245416000,/map,437187.40625,115646.070312,11.7041130066,0.00388578836593,-0.00141628728682,0.999987518461,0.00280315909914
1563269769550936401,5605,1563269769346218000,/map,437186.8125,115646.0625,11.7129402161,0.00130946048244,-0.000857076522936,0.999984075306,0.00542216447339
1563269769667148027,5606,1563269769447089000,/map,437186.28125,115646.070312,11.7025671005,0.000904704276979,-0.000439426492443,0.999968750384,0.00784134368178
1563269769745089865,5607,1563269769547916000,/map,437185.75,115646.0625,11.7038946152,0.00154525666878,-0.000206330321663,0.999956182241,0.00923055838157
1563269769817466734,5608,1563269769648807000,/map,437185.21875,115646.0625,11.714430809,0.000394353156393,-0.00016417638673,0.999952776049,0.0097089239566
1563269769913734925,5609,1563269769751381000,/map,437184.65625,115646.085938,11.7058410645,-9.03042651839e-05,0.000380368841904,0.999960143562,0.00891955448878
1563269770007487474,5610,1563269769850566000,/map,437184.09375,115646.070312,11.7038316727,-0.000575670872351,0.000913600205992,0.999976105481,0.0068280600744
1563269770075833191,5611,1563269769951387000,/map,437183.5625,115646.070312,11.709731102,0.00017017269169,0.000960802407565,0.999993110994,0.00358132166295
1563269770155816830,5612,1563269770052282000,/map,437183.03125,115646.078125,11.7037611008,-0.000737225083656,-0.00219372921647,-0.999995936237,0.00166480058994
1563269770276404133,5613,1563269770153283000,/map,437182.5,115646.070312,11.7070236206,-0.00142566741871,-0.00414894860292,-0.999954161232,0.00851053074256
1563269770354374900,5614,1563269770254000000,/map,437181.96875,115646.046875,11.7137470245,-0.00249895529241,-0.00488416538434,-0.999846002118,0.0166694991084
1563269770508858588,5615,1563269770354954000,/map,437181.46875,115646.015625,11.7036628723,-0.00287858137579,-0.00672916255355,-0.999632270213,0.0261104670387
1563269770593272626,5616,1563269770455759000,/map,437180.9375,115645.976562,11.7076721191,-0.00342173739368,-0.00851313829709,-0.999302469853,0.0361993361028
1563269770689131522,5617,1563269770556556000,/map,437180.4375,115645.914062,11.7249069214,-0.00257195054507,-0.011221602067,-0.998827583193,0.0470204186421
1563269770930588028,5618,1563269770657484000,/map,437179.96875,115645.851562,11.6820526123,-0.00557313033966,-0.0112727972491,-0.998169984887,0.0591485040478
1563269771122715307,5619,1563269770859086000,/map,437179.09375,115645.679688,11.732837677,-0.00404048435535,-0.0143572981853,-0.996230566154,0.085452919991
1563269771263377444,5620,1563269771060926000,/map,437178.1875,115645.507812,11.7696437836,-0.000704710296081,-0.0115163416829,-0.993576821055,0.11256988016
1563269771374784258,5621,1563269771161695000,/map,437177.78125,115645.375,11.7666654587,0.000568181309538,-0.0114594140538,-0.991853871032,0.126863144837
1563269771445422569,5622,1563269771263049000,/map,437177.375,115645.242188,11.7468509674,-0.00163836744613,-0.0110815391473,-0.98999282464,0.140672393894
1563269771551242943,5623,1563269771363393000,/map,437177.03125,115645.132812,11.7576446533,-0.00251198423407,-0.00935629029011,-0.988161283534,0.153112466808
1563269771665551462,5624,1563269771464324000,/map,437176.6875,115645.007812,11.7664890289,-0.00197237367243,-0.00727282580081,-0.986204082748,0.165362398741
1563269771847940343,5625,1563269771565107000,/map,437176.34375,115644.890625,11.7690210342,-0.0010715213133,-0.00651522626806,-0.984085893465,0.177570712541
1563269771988759701,5626,1563269771766869000,/map,437175.75,115644.632812,11.7787437439,0.000427621905018,-0.00419122125684,-0.979325926045,0.202244855017
1563269772093625609,5627,1563269771867686000,/map,437175.4375,115644.5,11.7720994949,2.36287660463e-05,-0.00139477133481,-0.976904539732,0.213671650685
1563269772201143388,5628,1563269771971285000,/map,437175.15625,115644.335938,11.7885484695,0.000255015602259,-0.000347702443936,-0.974359296358,0.224997279253
1563269772335601397,5629,1563269772170287000,/map,437174.65625,115644.039062,11.7799282074,-0.0016063731096,-0.00145956657844,-0.969286996294,0.245922768458
1563269772377931493,5630,1563269772271279000,/map,437174.40625,115643.898438,11.7734937668,-0.00211200480973,-0.000338658451227,-0.966691914147,0.255933913087
1563269772511293783,5631,1563269772372065000,/map,437174.15625,115643.75,11.7952108383,-0.00187757186978,-0.000710768961407,-0.96402039074,0.265820721107
1563269772642307733,5632,1563269772473321000,/map,437173.9375,115643.585938,11.7898349762,-0.00138256123404,-0.000988037991232,-0.961302475093,0.275489861312
1563269772719291264,5633,1563269772573729000,/map,437173.71875,115643.421875,11.7895383835,-0.00131727928004,-0.00165719479913,-0.958641679922,0.284607884636
1563269772803004604,5634,1563269772674557000,/map,437173.5,115643.265625,11.7951755524,-0.00341779501399,-0.00362616812939,-0.95592193728,0.293578642631
1563269772931199669,5635,1563269772775441000,/map,437173.28125,115643.132812,11.7881736755,-0.00310292797928,-0.00282273859608,-0.953208868457,0.302283405232
1563269773058742231,5636,1563269772876517000,/map,437173.09375,115642.96875,11.788441658,-0.0032210932353,-0.00187372957807,-0.950395941681,0.311020365461
1563269773210662019,5637,1563269772977207000,/map,437172.875,115642.796875,11.7963542938,-0.00322380525402,-0.00259085485942,-0.947346643866,0.320183120897
1563269773323364880,5638,1563269773078023000,/map,437172.6875,115642.632812,11.7921762466,-0.00204674981571,-0.00336912811896,-0.943898849402,0.330211177717
1563269773394766483,5639,1563269773179286000,/map,437172.5,115642.445312,11.7966718674,-0.00379988834666,-0.00391501607608,-0.940404767544,0.340013391909
1563269773523720103,5640,1563269773279775000,/map,437172.28125,115642.273438,11.7805480957,-0.00385690188805,-0.0027962904646,-0.936834579531,0.349740297453
1563269773632227581,5641,1563269773380857000,/map,437172.0625,115642.085938,11.7978096008,-0.00305788526099,-0.00259927876293,-0.932978284799,0.359910284906
1563269773793056393,5642,1563269773583088000,/map,437171.6875,115641.6875,11.8059206009,-0.00313383269839,-0.00706037215967,-0.923735899214,0.382952110244
1563269773881756184,5643,1563269773683378000,/map,437171.5,115641.492188,11.7909469604,-0.0043083136613,-0.00721699098027,-0.918363738712,0.39564807202
1563269774059429025,5644,1563269773784227000,/map,437171.28125,115641.21875,11.8078241348,-0.0064179977498,-0.00686287856868,-0.912426330543,0.409133109799
1563269774190990899,5645,1563269773985773000,/map,437170.84375,115640.65625,11.7907066345,-0.0117045465302,-0.00397848423771,-0.89853734594,0.438722934441
1563269774268383980,5646,1563269774087129000,/map,437170.625,115640.367188,11.7907562256,-0.0125010736751,-0.00481058843769,-0.890442543418,0.454898514251
1563269774431008665,5647,1563269774187466000,/map,437170.40625,115640.0,11.790063858,-0.0122684755984,-0.00347290498671,-0.88154078399,0.471935662565
1563269774563414985,5648,1563269774389169000,/map,437169.9375,115639.21875,11.7974882126,-0.0128961147179,5.84314451921e-05,-0.862809804367,0.50536415415
1563269774724968719,5649,1563269774490078000,/map,437169.75,115638.804688,11.8146514893,-0.0154583523645,0.0045483098943,-0.852482090131,0.522508026949
1563269774818025499,5650,1563269774693038000,/map,437169.34375,115637.929688,11.8381576538,-0.017337318278,0.0084143376101,-0.830994203725,0.55594716448
1563269774920676159,5651,1563269774792716000,/map,437169.1875,115637.46875,11.8253326416,-0.0186556677338,0.00875196873092,-0.820760867424,0.570900138037
1563269775057547311,5652,1563269774893605000,/map,437169.03125,115636.992188,11.8211565018,-0.0170473775285,0.0102551509987,-0.810107482253,0.585943756683
1563269775187356226,5653,1563269774994600000,/map,437168.875,115636.5,11.8047084808,-0.0158574050753,0.00835027874107,-0.798839045339,0.601277802011
1563269775305563573,5654,1563269775095201000,/map,437168.75,115636.0,11.8319654465,-0.0117293465327,0.0104490891212,-0.787338435686,0.616320879622
1563269775489508542,5655,1563269775196002000,/map,437168.59375,115635.460938,11.8407392502,-0.0146674255985,0.00929936169267,-0.776758899046,0.629558576505
1563269775757330346,5656,1563269775397787000,/map,437168.375,115634.28125,11.8221063614,-0.0190604883486,0.00544495608493,-0.760233973196,0.649346868965
1563269776070090787,5657,1563269775700540000,/map,437168.03125,115632.40625,11.8412685394,-0.0226960270505,0.014268180899,-0.747468955328,0.663755580158
1563269776447871930,5658,1563269776002939000,/map,437167.78125,115630.273438,11.8295259476,-0.025466009278,0.0153577681773,-0.745737122514,0.665576265677
1563269776713864740,5659,1563269776406468000,/map,437167.5,115627.125,11.8204078674,-0.0266461929824,0.0184204402349,-0.744699461967,0.666613365548
1563269777015644883,5660,1563269776608166000,/map,437167.34375,115625.460938,11.8090782166,-0.0209569272069,0.0192123297898,-0.744304340893,0.667235147241
1563269777251191161,5661,1563269776910675000,/map,437167.09375,115622.851562,11.7849235535,-0.018472356482,0.0137449844537,-0.743725753405,0.66808820613
1563269777458541546,5662,1563269777213282000,/map,437166.8125,115620.101562,11.7872915268,-0.0148620699296,0.0155882603493,-0.744285935553,0.667513723571
1563269777585773025,5663,1563269777415009000,/map,437166.71875,115618.210938,11.7726335526,-0.0151793663578,0.0148323525657,-0.74418026753,0.667641608629
1563269777693253298,5664,1563269777515983000,/map,437166.65625,115617.242188,11.7575922012,-0.0163712898818,0.0141323347383,-0.744593144428,0.667168125178
1563269777775436760,5665,1563269777616699000,/map,437166.5625,115616.265625,11.7344865799,-0.0168617206437,0.0152045251096,-0.745573079737,0.666037001648
1563269777883671972,5666,1563269777717668000,/map,437166.46875,115615.28125,11.7442464828,-0.0163044979695,0.0165848536897,-0.746510125737,0.664967471495
1563269778064441468,5667,1563269777818457000,/map,437166.34375,115614.226562,11.7326078415,-0.0173405952224,0.0166887033295,-0.747144597113,0.664225670946
1563269778319430395,5668,1563269778030897000,/map,437166.09375,115612.140625,11.7146530151,-0.0175651395316,0.0155770474291,-0.748478574949,0.662743271795
1563269778596533237,5669,1563269778221851000,/map,437165.84375,115610.007812,11.6850185394,-0.0181562875859,0.015244293083,-0.749093827635,0.662039574458
1563269778774646029,5670,1563269778524442000,/map,437165.53125,115606.640625,11.662522316,-0.0141063628853,0.0147409792468,-0.748707076347,0.662586921004
1563269778865835094,5671,1563269778726817000,/map,437165.34375,115604.414062,11.630408287,-0.0112289683635,0.0156061518289,-0.747884363797,0.663550553222
1563269779072033950,5672,1563269778827049000,/map,437165.21875,115603.25,11.6399841309,-0.0154237762832,0.0151600704164,-0.747048708664,0.664417418701
1563269779159095347,5673,1563269779029428000,/map,437165.03125,115600.890625,11.6026344299,-0.0175615691601,0.0153748423695,-0.746634038685,0.664825403988
1563269779264144621,5674,1563269779129840000,/map,437164.9375,115599.726562,11.6251249313,-0.0155425399075,0.016558623804,-0.746604499303,0.664880412594
1563269779336881663,5675,1563269779230474000,/map,437164.8125,115598.570312,11.5586843491,-0.0133497321537,0.019523668036,-0.746927797764,0.664484368488
1563269779487656387,5676,1563269779333826000,/map,437164.6875,115597.351562,11.5578927994,-0.0164444592342,0.0155159107478,-0.746678245734,0.66480104815
1563269779592566712,5677,1563269779432236000,/map,437164.59375,115596.171875,11.5415639877,-0.0138947302676,0.0170706336275,-0.746832947303,0.664647334126
1563269779677138931,5678,1563269779533282000,/map,437164.46875,115594.953125,11.5488491058,-0.0129653857752,0.0147211059926,-0.746750956176,0.664814408132
1563269779800111569,5679,1563269779633904000,/map,437164.34375,115593.75,11.5256376266,-0.01255977753,0.0170699352661,-0.746852842539,0.66465156352
1563269779891781195,5680,1563269779737290000,/map,437164.21875,115592.515625,11.5014743805,-0.0124439022816,0.013835853996,-0.74651445224,0.665108931707
1563269780066695952,5681,1563269779835561000,/map,437164.15625,115591.320312,11.5170841217,-0.0135058703902,0.0133656716607,-0.74656336336,0.665042927016
1563269780236207988,5682,1563269780037296000,/map,437163.90625,115588.90625,11.503777504,-0.0158164240056,0.0148080333761,-0.746117248272,0.66546195587
1563269780368880878,5683,1563269780138182000,/map,437163.78125,115587.679688,11.5001993179,-0.0146396475463,0.0134902254769,-0.745911344293,0.665747670662
1563269780568893464,5684,1563269780239224000,/map,437163.65625,115586.382812,11.4851026535,-0.0154703045325,0.0145279724764,-0.745579936611,0.666078197974
1563269780689266136,5685,1563269780541583000,/map,437163.3125,115582.523438,11.4611158371,-0.0140486651126,0.0171559162753,-0.742909028694,0.669025025414
1563269780825949922,5686,1563269780642437000,/map,437163.1875,115581.203125,11.457906723,-0.0116203974384,0.0184817422323,-0.741829756927,0.670232797844
1563269780915624692,5687,1563269780743718000,/map,437163.0625,115579.867188,11.4306917191,-0.0100642004707,0.0185054992317,-0.740695137428,0.671510961756
1563269781016971145,5688,1563269780844149000,/map,437162.96875,115578.53125,11.4102811813,-0.0102881090088,0.0154565409282,-0.739538179204,0.672858478178
1563269781104199428,5689,1563269780945057000,/map,437162.875,115577.195312,11.4214515686,-0.00858303107628,0.0150373427749,-0.738165460769,0.674397481036
1563269781258512774,5690,1563269781045873000,/map,437162.78125,115575.914062,11.3912696838,-0.00937057545689,0.0168681120762,-0.737027488507,0.675587255872
1563269781317023450,5691,1563269781146908000,/map,437162.71875,115574.632812,11.3685407639,-0.0114264145546,0.0153287146236,-0.73628789718,0.676398255486
1563269781390468486,5692,1563269781247998000,/map,437162.65625,115573.351562,11.3691339493,-0.0107768917191,0.0152359790316,-0.735153655213,0.677643583881
1563269781525530101,5693,1563269781348474000,/map,437162.5625,115572.140625,11.3627605438,-0.0101783436881,0.0169353334112,-0.733239557216,0.679683270013
1563269781728164446,5694,1563269781449327000,/map,437162.53125,115570.914062,11.3691654205,-0.010979613288,0.01692742298,-0.732344545474,0.680635274694
1563269781801751023,5695,1563269781651051000,/map,437162.40625,115568.492188,11.3601551056,-0.00943132120215,0.0188476130932,-0.730092473566,0.683023277571
1563269781915119444,5696,1563269781751896000,/map,437162.375,115567.28125,11.3340835571,-0.00678356503161,0.0204599295673,-0.729119518957,0.684046856292
1563269782026169157,5697,1563269781852761000,/map,437162.3125,115566.117188,11.3261165619,-0.00762763786775,0.0200733229626,-0.728248259001,0.684976900419
1563269782089968375,5698,1563269781953893000,/map,437162.25,115564.96875,11.3233661652,-0.00775272530717,0.0202405654291,-0.727308713272,0.685968111766
1563269782251734757,5699,1563269782054658000,/map,437162.21875,115563.875,11.3039417267,-0.00883938213862,0.0204858974693,-0.726670042482,0.686624236892
1563269782373591706,5700,1563269782155341000,/map,437162.1875,115562.820312,11.3120365143,-0.00773656714008,0.0201264684751,-0.726236427308,0.687106776598
1563269782491220696,5701,1563269782256243000,/map,437162.15625,115561.765625,11.3201932907,-0.0083179760017,0.0207676469446,-0.725674226027,0.687674656938
1563269782552275687,5702,1563269782357076000,/map,437162.125,115560.734375,11.311829567,-0.00779642220172,0.0207314728247,-0.724574381452,0.688840611157
1563269782725115554,5703,1563269782457933000,/map,437162.09375,115559.757812,11.2948503494,-0.00859601277581,0.0220187488764,-0.723121866115,0.690315905951
1563269782953878676,5704,1563269782659621000,/map,437162.03125,115557.914062,11.2936697006,-0.00973468283298,0.0209099481507,-0.720552800552,0.693016357408
1563269783163743936,5705,1563269782861556000,/map,437162.03125,115556.265625,11.2974567413,-0.0088106058335,0.0203287810877,-0.717715726059,0.695983656742
1563269783558277168,5706,1563269783063298000,/map,437162.0,115554.789062,11.2937030792,-0.0080380958479,0.0201079306439,-0.715384661972,0.698395192964
1563269783944157929,5707,1563269783466653000,/map,437162.03125,115552.234375,11.2684116364,-0.0140922712479,0.0196990010062,-0.711575082754,0.702192465677
1563269784243366940,5708,1563269783869911000,/map,437162.09375,115549.890625,11.2820453644,-0.0315603181509,-0.00342815473235,-0.708838191754,0.704656378659
1563269784456017836,5709,1563269784172522000,/map,437162.09375,115548.289062,11.4034252167,-0.0121237230584,0.0109758203347,-0.708104987614,0.70591775245
1563269784573895922,5710,1563269784375294000,/map,437162.09375,115547.210938,11.355047226,-0.0129899690474,0.00769836500705,-0.708139070909,0.705911504462
1563269784653216145,5711,1563269784475210000,/map,437162.09375,115546.664062,11.3548784256,-0.0154553186021,0.00484758609721,-0.707950314775,0.706076473086
1563269784736878124,5712,1563269784576232000,/map,437162.09375,115546.117188,11.3479356766,-0.0157873683986,0.00645871146315,-0.707761711763,0.706245285583
1563269784847029853,5713,1563269784676947000,/map,437162.125,115545.578125,11.3659706116,-0.0151326546081,0.0061995156964,-0.70748672323,0.706537405395
1563269784945121182,5714,1563269784777731000,/map,437162.15625,115545.03125,11.3638973236,-0.0154158111022,0.00707415004696,-0.707461452505,0.706548372292
1563269785058740203,5715,1563269784878654000,/map,437162.15625,115544.429688,11.3856973648,-0.0170501094778,0.00592692345809,-0.707198541576,0.706784541524
1563269785166149146,5716,1563269784979456000,/map,437162.15625,115543.820312,11.3449001312,-0.0217054977386,0.00766631787584,-0.706899288584,0.706939526931
1563269785258680947,5717,1563269785080333000,/map,437162.1875,115543.273438,11.3184995651,-0.0180152876854,0.010636555575,-0.706675602595,0.707228326492
1563269785436367580,5718,1563269785181143000,/map,437162.1875,115542.757812,11.3082637787,-0.00616574535806,0.0231965698128,-0.706321849082,0.707483814827
1563269785694498669,5719,1563269785382825000,/map,437162.21875,115541.53125,11.4697313309,-0.0158067614996,0.0248961515272,-0.706346704836,0.707251483207
1563269785889727819,5720,1563269785584535000,/map,437162.25,115540.210938,11.2501630783,-0.0273964824692,0.00176350061676,-0.705720932027,0.707957829897
1563269786084447096,5721,1563269785786639000,/map,437162.3125,115538.9375,11.3644475937,-0.022849045695,0.00771146977106,-0.705815031274,0.707985590229
1563269786201578787,5722,1563269785987983000,/map,437162.3125,115537.632812,11.3524703979,-0.0236392601445,0.00368947238024,-0.705325445378,0.708479773371
1563269786289733951,5723,1563269786088849000,/map,437162.3125,115536.960938,11.3681507111,-0.0220795422348,0.00421077527734,-0.704998639713,0.708852369107
1563269786452110627,5724,1563269786189702000,/map,437162.34375,115536.226562,11.3909835815,-0.0235654753117,0.00269247881095,-0.704454044109,0.709353169211
1563269786530533026,5725,1563269786391443000,/map,437162.40625,115534.75,11.4011163712,-0.0248194519986,0.00314471162686,-0.702689866833,0.711056296394
1563269786633280969,5726,1563269786494446000,/map,437162.4375,115533.992188,11.3996620178,-0.0238275873983,0.00312383545607,-0.701654671498,0.712111795784
1563269786833826311,5727,1563269786593640000,/map,437162.46875,115533.179688,11.4152526855,-0.024132480922,0.00377054375613,-0.700945745766,0.712796231652
1563269786907173775,5728,1563269786794950000,/map,437162.53125,115531.546875,11.4418449402,-0.0244357524901,0.00282012537411,-0.698893865201,0.714802284606
1563269787004384080,5729,1563269786895840000,/map,437162.5625,115530.734375,11.4410152435,-0.0244334916028,0.00315888061838,-0.697658707855,0.716006531615
1563269787208750167,5730,1563269786997170000,/map,437162.59375,115529.867188,11.4694776535,-0.0243167807383,0.00333190682051,-0.696609520436,0.717030521394
1563269787342927814,5731,1563269787101758000,/map,437162.625,115528.984375,11.470539093,-0.0257513641451,0.00351004669864,-0.695343359128,0.718207602113
1563269787492980912,5732,1563269787299195000,/map,437162.71875,115527.28125,11.4851036072,-0.0261088087901,0.00356261220195,-0.692730709171,0.720714785799
1563269787603899132,5733,1563269787400135000,/map,437162.78125,115526.375,11.524066925,-0.0258929191381,0.00313688279611,-0.691274910929,0.722120983094
1563269787719711993,5734,1563269787500915000,/map,437162.875,115525.445312,11.5287237167,-0.0253697130159,0.00350827842112,-0.689519181972,0.72381445643
1563269787829534718,5735,1563269787601763000,/map,437162.9375,115524.484375,11.5188245773,-0.0258851586603,0.0043558365627,-0.687533425805,0.725678147424
1563269787912577635,5736,1563269787803534000,/map,437163.03125,115522.539062,11.6020374298,-0.0309126711269,0.00627800532958,-0.684409526172,0.728415124704
1563269788050121995,5737,1563269787904510000,/map,437163.125,115521.578125,11.5189752579,-0.0283672767151,0.00527663462816,-0.683252691038,0.729611687768
1563269788190072202,5738,1563269788005223000,/map,437163.21875,115520.617188,11.6107950211,-0.025698245694,0.00868194004259,-0.680841736376,0.731928107189
1563269788277690675,5739,1563269788106109000,/map,437163.28125,115519.640625,11.6303071976,-0.0238412059947,0.00638713235935,-0.678735425859,0.733967998703
1563269788461819235,5740,1563269788207174000,/map,437163.40625,115518.632812,11.6332883835,-0.0254977556127,0.00459513329692,-0.676872528883,0.735644159124
1563269788564922167,5741,1563269788408643000,/map,437163.625,115516.59375,11.6417989731,-0.0240491670112,0.0057188245029,-0.672972410799,0.739254399321
1563269788665043713,5742,1563269788510050000,/map,437163.71875,115515.554688,11.677567482,-0.0241653471168,0.00589040738629,-0.670902002612,0.741128762086
1563269788745095866,5743,1563269788610545000,/map,437163.875,115514.5,11.6700592041,-0.0230510521714,0.00513482247657,-0.668919929801,0.742959225064
1563269788835882100,5744,1563269788711255000,/map,437164.03125,115513.421875,11.6956205368,-0.0235191925487,0.00430768959262,-0.66703062875,0.744646514597
1563269788992754546,5745,1563269788812106000,/map,437164.15625,115512.335938,11.7058353424,-0.0236875389869,0.00291978982897,-0.665379283636,0.746123839742
1563269789117002141,5746,1563269788912973000,/map,437164.3125,115511.25,11.7312650681,-0.0243384800958,0.00316314642613,-0.663850204573,0.747462734041
1563269789224825275,5747,1563269789013861000,/map,437164.46875,115510.171875,11.7376804352,-0.0241494235075,0.00419898174088,-0.662573012894,0.7485961371
1563269789324603256,5748,1563269789115159000,/map,437164.59375,115509.078125,11.7707872391,-0.0247512725217,0.00444513111817,-0.662151343469,0.748948071405
1563269789440024358,5749,1563269789215458000,/map,437164.71875,115507.96875,11.7589797974,-0.0257774734716,0.00404176760892,-0.661752469303,0.749268213224
1563269789542705996,5750,1563269789316430000,/map,437164.90625,115506.835938,11.7936630249,-0.0262042770844,0.00362509049582,-0.661086026377,0.749843623905
1563269789616277372,5751,1563269789417268000,/map,437165.09375,115505.71875,11.7976341248,-0.0257846192351,0.00505159463304,-0.660262763704,0.750574924754
1563269789707281822,5752,1563269789522058000,/map,437165.25,115504.546875,11.8351926804,-0.0252812517015,0.00537561884537,-0.659508706428,0.751252439051
1563269789899739769,5753,1563269789619016000,/map,437165.4375,115503.382812,11.8519134521,-0.02620921039,0.0046287274778,-0.658340532735,0.752249556418
1563269790000624190,5754,1563269789821430000,/map,437165.84375,115500.96875,11.8869972229,-0.0260027125774,0.00482105792539,-0.656134916376,0.754180076541
1563269790128751061,5755,1563269789921483000,/map,437166.0,115499.820312,11.9135990143,-0.0259431795795,0.00451937678616,-0.655269438352,0.754936083273
1563269790244309128,5756,1563269790022381000,/map,437166.1875,115498.648438,11.923871994,-0.0252781996555,0.00621069403246,-0.653819475487,0.756202706538
1563269790400945950,5757,1563269790123228000,/map,437166.375,115497.476562,11.9499082565,-0.0257339542599,0.00434277287178,-0.652944826426,0.756955717044
1563269790670942904,5758,1563269790325058000,/map,437166.8125,115495.023438,11.9656772614,-0.0248441108791,0.005031245955,-0.651148303926,0.758527087858
1563269790924321501,5759,1563269790627529000,/map,437167.4375,115491.289062,12.0189962387,-0.0244024741234,0.00896730752349,-0.649013810212,0.760332283154
1563269791037992749,5760,1563269790829248000,/map,437167.90625,115488.773438,12.077958107,-0.0254106432079,0.00852789341742,-0.648035827218,0.761138056391
1563269791104670502,5761,1563269790930074000,/map,437168.15625,115487.507812,12.1058444977,-0.0249483337181,0.00950671064857,-0.648383549326,0.760845566499
1563269791321453354,5762,1563269791030961000,/map,437168.40625,115486.164062,12.0977840424,-0.0236712335318,0.0105731918252,-0.649889297396,0.759586585879
1563269791523635491,5763,1563269791232645000,/map,437168.8125,115483.578125,12.1376600266,-0.0223097598572,0.00929889951863,-0.652235067915,0.757631322785
1563269791653941543,5764,1563269791434487000,/map,437169.25,115481.046875,12.1698665619,-0.0196240117902,0.0100521024797,-0.655492449591,0.754879793031
1563269791779082643,5765,1563269791535790000,/map,437169.4375,115479.8125,12.1564207077,-0.0211735984148,0.0102358886209,-0.657529739094,0.75306145003
1563269791843225521,5766,1563269791636108000,/map,437169.625,115478.59375,12.1949920654,-0.021625669104,0.00907822981395,-0.659871047118,0.751012727824
1563269791957234124,5767,1563269791739690000,/map,437169.78125,115477.375,12.1875581741,-0.0212604302107,0.0102691371756,-0.662353886677,0.748818981953
1563269792043191225,5768,1563269791837798000,/map,437169.96875,115476.203125,12.2110013962,-0.0234184698123,0.00965235337967,-0.664504843777,0.746854550728
1563269792118137339,5769,1563269791938614000,/map,437170.125,115474.992188,12.2233018875,-0.0221627575977,0.00985895233982,-0.666572451369,0.745045488752
1563269792213031465,5770,1563269792040423000,/map,437170.28125,115473.75,12.2032213211,-0.0218459629864,0.00908877711207,-0.669232704629,0.742676063359
1563269792312040586,5771,1563269792140354000,/map,437170.4375,115472.507812,12.2582349777,-0.0224060815969,0.00821473947804,-0.671811961006,0.740337203315
1563269792383393163,5772,1563269792241279000,/map,437170.59375,115471.242188,12.2441959381,-0.0221449209772,0.00925141863767,-0.67430656708,0.738061425168
1563269792510768711,5773,1563269792342141000,/map,437170.71875,115469.9375,12.2595081329,-0.0218723611234,0.0110169417206,-0.676874953784,0.735690508131
1563269792604709810,5774,1563269792443165000,/map,437170.84375,115468.617188,12.2521724701,-0.0235477158144,0.00954687229856,-0.679273301836,0.733445392461
1563269792670760757,5775,1563269792544097000,/map,437171.0,115467.289062,12.2860021591,-0.0237318939693,0.0097254720264,-0.681867250782,0.731026172386
1563269792880171152,5776,1563269792647378000,/map,437171.09375,115465.953125,12.3007278442,-0.0269352630526,0.0125884803597,-0.684530440696,0.728377716249
1563269792964013169,5777,1563269792745772000,/map,437171.21875,115464.679688,12.2853622437,-0.0266369686723,0.0136860115017,-0.68626341409,0.726736328713
1563269793123711733,5778,1563269792846403000,/map,437171.3125,115463.304688,12.3140220642,-0.0286283645825,0.010758010248,-0.688104676735,0.724966644621
1563269793310191002,5779,1563269793048921000,/map,437171.53125,115460.632812,12.3471441269,-0.0256376199528,0.0181663259895,-0.692729229709,0.720512950161
1563269793449416286,5780,1563269793249886000,/map,437171.625,115457.960938,12.328959465,-0.0239167417088,0.0150796720872,-0.697909360466,0.715627778618
1563269793558342340,5781,1563269793350723000,/map,437171.65625,115456.609375,12.3546237946,-0.0226362209397,0.0114235396894,-0.699732764955,0.713954593718
1563269793675134787,5782,1563269793452664000,/map,437171.75,115455.25,12.3638372421,-0.0216307432646,0.0101291525377,-0.70220783737,0.711571264422
1563269793772987067,5783,1563269793552607000,/map,437171.8125,115453.9375,12.3935565948,-0.0205215107668,0.00951836892627,-0.704990820521,0.708855564435
1563269793942089840,5784,1563269793653778000,/map,437171.84375,115452.578125,12.4214048386,-0.0176974543668,0.0109746874831,-0.70654687328,0.707359789783
1563269794091876880,5785,1563269793855705000,/map,437171.875,115449.96875,12.4370555878,-0.0136579143985,0.0119718496936,-0.705791830465,0.708186436073
1563269794350424975,5786,1563269794056739000,/map,437171.9375,115447.507812,12.4275083542,-0.00842978661573,0.0193079214304,-0.704461654634,0.709429291768
1563269794512685231,5787,1563269794258433000,/map,437172.0,115445.125,12.4651613235,-0.0116722968044,0.0194935406094,-0.703393438241,0.710437492255
1563269794657081293,5788,1563269794460449000,/map,437172.125,115442.890625,12.4791603088,-0.0182729716782,0.0194119846606,-0.70185494434,0.711820841549
1563269794974560527,5789,1563269794561077000,/map,437172.15625,115441.890625,12.4740686417,-0.0178766756579,0.0256636422527,-0.701084297346,0.712392174261
1563269795176446461,5790,1563269794863721000,/map,437172.28125,115439.054688,12.4916095734,-0.0167068066354,0.0206616457077,-0.699484430031,0.714153702751
1563269795317601159,5791,1563269795065285000,/map,437172.34375,115437.289062,12.5150003433,-0.0147463937565,0.0205799713113,-0.698436940151,0.715223635854
1563269795487421046,5792,1563269795267124000,/map,437172.4375,115435.757812,12.5240592957,-0.0132352610889,0.0209270066516,-0.697680549587,0.715980962725
1563269795617342285,5793,1563269795368124000,/map,437172.4375,115435.046875,12.5395698547,-0.0130065935486,0.0201142716926,-0.697342373873,0.716337810115
1563269795791056551,5794,1563269795569615000,/map,437172.5,115433.75,12.5262365341,-0.0162231474581,0.0156607682551,-0.69654051356,0.717163065693
1563269795884920944,5795,1563269795671473000,/map,437172.5,115433.117188,12.5215187073,-0.0198543171035,0.0136159105994,-0.695815850105,0.717816631051
1563269795954629974,5796,1563269795771467000,/map,437172.5625,115432.507812,12.5430383682,-0.019344207876,0.0138239637423,-0.695424447449,0.718205776597
1563269796018908217,5797,1563269795872239000,/map,437172.625,115431.890625,12.5383491516,-0.0182758539839,0.0121866407282,-0.695095994196,0.718581267361
1563269796164680840,5798,1563269795973002000,/map,437172.625,115431.242188,12.5525999069,-0.0281740088087,0.0041661736963,-0.694407793442,0.719017861136
1563269796275443056,5799,1563269796073855000,/map,437172.6875,115430.609375,12.532084465,-0.0395715874193,-0.00398760492216,-0.693831017616,0.719038738504
1563269796419720714,5800,1563269796174803000,/map,437172.71875,115430.03125,12.5190486908,-0.0395762175541,-0.00343193007265,-0.693126446345,0.71972055288
1563269796636536367,5801,1563269796377221000,/map,437172.75,115428.875,12.6589069366,-0.0209710518896,0.0162692334476,-0.693336190187,0.720125304653
1563269796765320541,5802,1563269796578188000,/map,437172.8125,115427.703125,12.6579532623,-0.0207332085563,0.0114531973516,-0.691846792437,0.721655717173
1563269796890879128,5803,1563269796679043000,/map,437172.875,115427.132812,12.6463384628,-0.0208983900516,0.0115591521357,-0.69144468032,0.722034554126
1563269796972982202,5804,1563269796779946000,/map,437172.9375,115426.515625,12.6384038925,-0.0202265670917,0.0100338393436,-0.691115659015,0.722391413235
1563269797088810455,5805,1563269796880856000,/map,437172.9375,115425.90625,12.6574020386,-0.0199555434849,0.011952055765,-0.69060828217,0.722854843828
1563269797194737777,5806,1563269796981622000,/map,437172.96875,115425.273438,12.6806678772,-0.0223211054629,0.00918678899817,-0.689789701759,0.7236073096
1563269797301450023,5807,1563269797082565000,/map,437173.0,115424.640625,12.6300382614,-0.021679206194,0.0121909057608,-0.689238634781,0.72410738027
1563269797449681039,5808,1563269797183343000,/map,437173.03125,115424.085938,12.6022405624,-0.0172010153288,0.0178226787496,-0.689052787916,0.724287741619
1563269797633159272,5809,1563269797385061000,/map,437173.15625,115422.96875,12.7621459961,-0.00350144573646,0.037416671064,-0.687224503698,0.725472407553
1563269797950571368,5810,1563269797587919000,/map,437173.21875,115421.539062,12.6053009033,-0.030234395044,0.00486948927011,-0.686150178264,0.726815039951
1563269798154729127,5811,1563269797889322000,/map,437173.375,115419.515625,12.6595907211,-0.0248316340901,0.0106447804863,-0.68481360367,0.728217279955
1563269798295747980,5812,1563269798091052000,/map,437173.5,115418.164062,12.6426048279,-0.023949285636,0.00983613904454,-0.684010695985,0.729012379775
1563269798439800446,5813,1563269798191955000,/map,437173.53125,115417.476562,12.6307525635,-0.0232731495917,0.00931140117632,-0.683682487954,0.729348965846
1563269798612024163,5814,1563269798393643000,/map,437173.6875,115416.070312,12.6497402191,-0.0236851870611,0.0112273951433,-0.682386834368,0.730521160401
1563269798715889171,5815,1563269798494557000,/map,437173.75,115415.34375,12.6661968231,-0.0229437031825,0.0117168633836,-0.681464107643,0.73139795706
1563269798840483242,5816,1563269798595337000,/map,437173.8125,115414.59375,12.6598873138,-0.0239801728085,0.00963859855244,-0.680154784122,0.732612802485
1563269798926416566,5817,1563269798797110000,/map,437173.96875,115413.101562,12.664068222,-0.0228700384524,0.00762119234843,-0.677489815669,0.735137013374
1563269799116840329,5818,1563269798898114000,/map,437174.03125,115412.390625,12.6740093231,-0.0223459632488,0.00816428552081,-0.675525176589,0.736953009467
1563269799377694651,5819,1563269799099709000,/map,437174.21875,115410.921875,12.6875209808,-0.0223746501359,0.00679277515275,-0.669433640432,0.742503760458
1563269799665008770,5820,1563269799301459000,/map,437174.4375,115409.414062,12.7059516907,-0.0203301617523,0.00907139759687,-0.658356537936,0.752376942248
1563269800277565155,5821,1563269799603950000,/map,437174.875,115406.953125,12.6998977661,-0.0224519243572,0.00933164754893,-0.63525985464,0.771915635629
1563269800617804246,5822,1563269800209230000,/map,437176.21875,115402.5,12.7317037582,-0.0235236307972,0.0100039143186,-0.577634861326,0.815894924285
1563269800973748285,5823,1563269800511740000,/map,437177.15625,115400.15625,12.7376918793,-0.0195041136338,0.0111803830218,-0.543476210094,0.839123469848
1563269801367361419,5824,1563269800915183000,/map,437178.8125,115396.914062,12.7352790833,-0.0187565927889,0.00987332006783,-0.491191668352,0.870793576412
1563269801617263476,5825,1563269801318649000,/map,437180.84375,115394.015625,12.7242937088,-0.0213464734657,0.00824309566695,-0.436636254639,0.899347074593
1563269801752511050,5826,1563269801520353000,/map,437181.96875,115392.679688,12.7250747681,-0.0218887447622,0.0106800569289,-0.408592218798,0.912392030859
1563269801926129153,5827,1563269801723687000,/map,437183.1875,115391.398438,12.7059345245,-0.0180661309066,0.0143979785971,-0.379409221142,0.924940514865
1563269802088142200,5828,1563269801823671000,/map,437183.75,115390.859375,12.6660327911,-0.0212296012871,0.00753917718006,-0.361880746415,0.931952139442
1563269802281868033,5829,1563269802025051000,/map,437185.15625,115389.679688,12.6449632645,-0.0220421518081,0.0100428864714,-0.327449959456,0.944557996116
1563269802458837584,5830,1563269802226359000,/map,437186.625,115388.585938,12.6500644684,-0.020692296294,0.00854502849453,-0.292515588528,0.955998662044
1563269802590439939,5831,1563269802327243000,/map,437187.375,115388.101562,12.6392698288,-0.0201544858395,0.00883343654496,-0.27472213759,0.961271821192
1563269802772231616,5832,1563269802528966000,/map,437189.0,115387.21875,12.6152133942,-0.0186252501325,0.0101250608796,-0.239517161766,0.970660657707
1563269802957577756,5833,1563269802730695000,/map,437190.6875,115386.40625,12.5850868225,-0.019071148104,0.00953024616233,-0.204138971295,0.978709735374
1563269803086521551,5834,1563269802831554000,/map,437191.59375,115386.023438,12.5493659973,-0.0213096381968,0.00895324516814,-0.186703701605,0.982144320621
1563269803246323799,5835,1563269803033626000,/map,437193.4375,115385.367188,12.4911136627,-0.0236676777905,0.00899626023088,-0.153343332359,0.987848536341
1563269803399464943,5836,1563269803134507000,/map,437194.375,115385.085938,12.5106906891,-0.0225519296417,0.00759697238634,-0.137147275282,0.990264773363
1563269803560545732,5837,1563269803335761000,/map,437196.3125,115384.601562,12.4106731415,-0.0220874344278,0.011824321001,-0.10315570983,0.994349651884
1563269803722886598,5838,1563269803436623000,/map,437197.3125,115384.421875,12.4320058823,-0.0228493446438,0.012523184965,-0.0866451211785,0.995898438729
1563269803866462855,5839,1563269803638333000,/map,437199.28125,115384.148438,12.3647880554,-0.0205175136239,0.0137795139516,-0.0567040739969,0.99808506883
1563269804047601740,5840,1563269803739290000,/map,437200.25,115384.0625,12.3345146179,-0.0211409666873,0.0141564140986,-0.0447329980641,0.99867492927
1563269804183313459,5841,1563269803940962000,/map,437202.1875,115383.9375,12.2889146805,-0.0211403027355,0.0147753614532,-0.0219800316889,0.999425662319
1563269804334250140,5842,1563269804142937000,/map,437204.0625,115383.945312,12.2523698807,-0.0213822738525,0.0151035151081,-0.00193129401649,0.999655416781
1563269804536139434,5843,1563269804243493000,/map,437204.9375,115383.96875,12.2107076645,-0.0213464704516,0.0169855194432,0.004727394244,0.999616662562
1563269804818950128,5844,1563269804445337000,/map,437206.6875,115384.09375,12.1718864441,-0.0224898445813,0.0178036761307,0.014340424777,0.99948566184
1563269805063583132,5845,1563269804747736000,/map,437209.0,115384.21875,12.1161165237,-0.0240240425058,0.0177022771947,0.0219436012706,0.999313741088
1563269805281315586,5846,1563269804949436000,/map,437210.34375,115384.304688,12.0848007202,-0.0227906091893,0.0192998303119,0.0261173031997,0.999212685646
1563269805571111523,5847,1563269805252119000,/map,437212.0,115384.421875,12.0363864899,-0.0244222225793,0.0177101411417,0.032487865658,0.999016738864
1563269805793674486,5848,1563269805453778000,/map,437213.0,115384.515625,11.9896354675,-0.0247508451596,0.0114223938044,0.0363533660607,0.998967145285
1563269805902390932,5849,1563269805756311000,/map,437214.46875,115384.65625,11.8547306061,-0.0226957122651,0.00152139874479,0.0406803182553,0.998913260347
1563269806042752322,5850,1563269805857191000,/map,437214.90625,115384.703125,11.929315567,-0.0214104645303,-0.00789338644415,0.041397019534,0.998882161835
1563269806153242495,5851,1563269805958144000,/map,437215.34375,115384.742188,11.9086523056,-0.0225764062629,-0.0125274716677,0.0418841035524,0.998788811613
1563269806261222275,5852,1563269806059439000,/map,437215.8125,115384.804688,11.955997467,-0.0206131281829,-0.0154769432247,0.0419905105836,0.998785442523
1563269806419892673,5853,1563269806159878000,/map,437216.28125,115384.882812,12.0270671844,-0.0195606036886,-0.00236266102719,0.0428928441382,0.998885381081
1563269806584617977,5854,1563269806361690000,/map,437217.125,115384.953125,11.9746322632,-0.0217336139388,0.00410173904965,0.0438317905012,0.998794072822
1563269806663422213,5855,1563269806462347000,/map,437217.53125,115384.992188,11.9633083344,-0.0227743623328,0.00473854889535,0.0442603906574,0.998749163901
1563269806798542455,5856,1563269806563230000,/map,437217.96875,115385.039062,11.9487113953,-0.0229117438222,0.00422391494207,0.0449530551849,0.998717394145
1563269806903175426,5857,1563269806766113000,/map,437218.90625,115385.132812,11.9419364929,-0.0236173418032,0.00298500585706,0.0461828074575,0.998649317429
1563269807017099707,5858,1563269806865795000,/map,437219.40625,115385.1875,11.9292135239,-0.0229502620803,0.00229264210479,0.0470084188247,0.998628177963
1563269807080214228,5859,1563269806967094000,/map,437219.90625,115385.242188,11.923573494,-0.0238927568518,0.00315408561688,0.0472222245732,0.99859363578
1563269807164075094,5860,1563269807067542000,/map,437220.34375,115385.304688,11.9217433929,-0.024467642407,0.00425652068811,0.0476359156546,0.99855597542
1563269807296550952,5861,1563269807168445000,/map,437220.84375,115385.359375,11.9204463959,-0.0248681020748,0.00356487378651,0.0483506323578,0.998514439317
1563269807374768927,5862,1563269807269328000,/map,437221.34375,115385.429688,11.9237070084,-0.0221671033148,0.00843930235343,0.0493691673368,0.998498914883
1563269807512825530,5863,1563269807370223000,/map,437221.875,115385.476562,11.8923168182,-0.0253225238591,0.018952434838,0.0499282223641,0.998251845784
1563269807611091617,5864,1563269807471045000,/map,437222.40625,115385.554688,11.9207382202,-0.0257113873143,0.0292889199304,0.0500154673917,0.997987743789
1563269807708545835,5865,1563269807571871000,/map,437222.90625,115385.59375,11.8195085526,-0.0233870005653,0.0213621926055,0.0519751053299,0.998145927887
1563269807796971760,5866,1563269807674983000,/map,437223.40625,115385.671875,11.7988014221,-0.0232204297304,0.0139436162205,0.0528620386677,0.998234437433
1563269807964899451,5867,1563269807773565000,/map,437223.96875,115385.75,11.7307395935,-0.0230525189171,-0.00217411970031,0.0543711277759,0.998252290275
1563269808174244660,5868,1563269807874406000,/map,437224.5625,115385.835938,11.7806463242,-0.0227763081954,0.000978777575563,0.0562490534499,0.998156463569
1563269808254886883,5869,1563269808076211000,/map,437225.75,115385.976562,11.7419567108,-0.0241822528645,0.000178510836536,0.0590523459628,0.997961926737
1563269808323924400,5870,1563269808177037000,/map,437226.34375,115386.078125,11.7346735001,-0.022468547942,0.000315674847809,0.0608349834121,0.99789486896
1563269808426784092,5871,1563269808277834000,/map,437226.96875,115386.171875,11.7190437317,-0.0228114473661,-0.000965645938408,0.0620459844916,0.997812107165
1563269808561401691,5872,1563269808378742000,/map,437227.625,115386.273438,11.712767601,-0.0222723880539,-0.00383718990813,0.0627873868314,0.99777099615
1563269808694484452,5873,1563269808479634000,/map,437228.3125,115386.359375,11.6998634338,-0.0232726354965,-0.0046369222744,0.0634878559882,0.997700443786
1563269808776430913,5874,1563269808581573000,/map,437229.0,115386.453125,11.6767778397,-0.0236656251114,-0.00285118025402,0.0639553187089,0.997668044075
1563269808864302738,5875,1563269808681252000,/map,437229.71875,115386.578125,11.677479744,-0.022310015015,-0.00136259814632,0.0643481433618,0.997677163717
1563269808937703741,5876,1563269808782290000,/map,437230.4375,115386.679688,11.682179451,-0.0229505391617,3.23672093682e-05,0.0644938108928,0.997654158544
1563269809014222551,5877,1563269808883117000,/map,437231.1875,115386.8125,11.6716537476,-0.0218094144261,-0.00358005280229,0.0650018311507,0.997640363363
1563269809168667358,5878,1563269808992507000,/map,437232.03125,115386.90625,11.6338853836,-0.0232794853181,-0.00493526203698,0.0655665803054,0.997564400076
1563269809258086439,5879,1563269809084664000,/map,437232.75,115387.03125,11.6449346542,-0.0231046108017,-0.0044070810559,0.0655520467474,0.997571894032
1563269809354050235,5880,1563269809185583000,/map,437233.5625,115387.148438,11.6039066315,-0.0240862520078,-0.00108810205022,0.0653950059044,0.99756812384
1563269809462903902,5881,1563269809286424000,/map,437234.40625,115387.28125,11.6406517029,-0.0246444856109,-0.0017572940311,0.0654383139311,0.99755069461
1563269809574429825,5882,1563269809387365000,/map,437235.21875,115387.421875,11.6177377701,-0.0227488268923,-0.0035817380363,0.0665283994866,0.997518738716
1563269809689916305,5883,1563269809488137000,/map,437236.0625,115387.546875,11.6013946533,-0.0229239540568,-0.00325474619177,0.0667736233224,0.997499464755
1563269809820084433,5884,1563269809589100000,/map,437236.9375,115387.679688,11.5804414749,-0.0225517854317,-0.00353447806467,0.066797574897,0.99750539268
1563269809977723115,5885,1563269809790881000,/map,437238.75,115387.960938,11.5516376495,-0.0225153256665,-0.000443069980372,0.0673964753124,0.997472094304
1563269810052316608,5886,1563269809891749000,/map,437239.65625,115388.101562,11.5542449951,-0.0213629190428,-0.00155336517378,0.0677312801705,0.997473651999
1563269810122123337,5887,1563269809992666000,/map,437240.5625,115388.242188,11.5306529999,-0.02089177282,-0.00109709562895,0.0680372844076,0.997463411931
1563269810209591948,5888,1563269810093667000,/map,437241.46875,115388.382812,11.524848938,-0.0205285524495,-0.000653172441609,0.0682396333442,0.997457520068
1563269810290881362,5889,1563269810196835000,/map,437242.4375,115388.539062,11.508234024,-0.0203518611907,-0.00148832154414,0.0685876594507,0.997436373718
1563269810411358678,5890,1563269810295011000,/map,437243.40625,115388.695312,11.4837865829,-0.0199248545808,-0.000293016799927,0.0689888440445,0.997418394511
1563269810499831773,5891,1563269810395904000,/map,437244.40625,115388.859375,11.4899511337,-0.0202679558068,-0.00105829754184,0.0693455219704,0.997386228377
1563269810577047856,5892,1563269810496772000,/map,437245.40625,115389.015625,11.4575338364,-0.0197084854739,-0.00251760909281,0.0695618044919,0.997379763481
1563269810683849385,5893,1563269810597694000,/map,437246.40625,115389.179688,11.4200582504,-0.0191602788323,-0.00126281738778,0.0700644469051,0.997357640111
1563269810821691580,5894,1563269810698440000,/map,437247.46875,115389.351562,11.4437599182,-0.0188081328398,0.000969355465582,0.0699093638601,0.997375553808
1563269810942048700,5895,1563269810799320000,/map,437248.5,115389.507812,11.4293231964,-0.0188188534884,-0.00190462144167,0.0700252016655,0.997365877851
1563269810997303323,5896,1563269810900344000,/map,437249.53125,115389.679688,11.401966095,-0.0172282532955,-0.00200074757869,0.0706290860055,0.99735185191
1563269811085197038,5897,1563269811001091000,/map,437250.59375,115389.851562,11.3867015839,-0.0191173452724,-0.00131234916865,0.070852466647,0.997302728774
1563269811212718702,5898,1563269811102141000,/map,437251.65625,115390.03125,11.3865871429,-0.0202626436027,-0.00268223606348,0.0707107663457,0.997287430186
1563269811323108744,5899,1563269811202757000,/map,437252.71875,115390.210938,11.3556070328,-0.0214751090582,-0.0037208263668,0.0712874112666,0.997217669387
1563269811424358970,5900,1563269811303611000,/map,437253.78125,115390.375,11.3477993011,-0.02277531263,-0.00240198096298,0.0711127762457,0.997205339274
1563269811578414291,5901,1563269811404415000,/map,437254.9375,115390.570312,11.3279037476,-0.0239967759981,-0.000483070401027,0.070897698474,0.99719478425
1563269811664360704,5902,1563269811505715000,/map,437256.03125,115390.75,11.314868927,-0.0241533262754,-0.00152056008279,0.0712555640343,0.997164454501
1563269811744903594,5903,1563269811606375000,/map,437257.15625,115390.921875,11.2979450226,-0.0250719101277,-0.000923858561971,0.07058056328,0.997190518354
1563269811908321107,5904,1563269811709213000,/map,437258.21875,115391.101562,11.321803093,-0.026106927501,-0.00355888118148,0.0685861938882,0.997297195779
1563269812050612550,5905,1563269811807951000,/map,437259.3125,115391.28125,11.2702922821,-0.0251321226505,-0.0047297094939,0.0660994243507,0.997485274257
1563269812198875759,5906,1563269812009671000,/map,437261.625,115391.617188,11.2882804871,-0.0242787989708,-0.000840600061854,0.0604033251944,0.997878385184
1563269812266346725,5907,1563269812110461000,/map,437262.78125,115391.773438,11.2309169769,-0.0249161504104,0.00012294349909,0.058149376988,0.997996903948
1563269812350358444,5908,1563269812211374000,/map,437263.9375,115391.921875,11.2341156006,-0.0254083435677,0.00367747563725,0.054296913646,0.998194739226
1563269812427638209,5909,1563269812312162000,/map,437265.09375,115392.078125,11.2457227707,-0.0242439444436,0.00182347669699,0.0514034860793,0.998381984868
1563269812576828396,5910,1563269812413050000,/map,437266.1875,115392.195312,11.2032432556,-0.0261530145385,-0.000902980548248,0.0486224235626,0.998474368416
1563269812671970594,5911,1563269812513910000,/map,437267.34375,115392.320312,11.1929359436,-0.0285376359826,0.00143372524252,0.0448829362752,0.998583531707
1563269812762392784,5912,1563269812614754000,/map,437268.5,115392.453125,11.211648941,-0.0286015979591,0.00154166764154,0.0405449027327,0.998767081314
1563269812907193437,5913,1563269812715740000,/map,437269.59375,115392.585938,11.1957960129,-0.0281174052575,0.000868598912369,0.0366348503319,0.998932702838
1563269812978112334,5914,1563269812817271000,/map,437270.6875,115392.695312,11.1507806778,-0.026175852038,0.00140181908472,0.0327505485087,0.999119743197
1563269813055291776,5915,1563269812917464000,/map,437271.8125,115392.789062,11.1602258682,-0.0258942849882,0.00336129332772,0.028968927813,0.999239205062
1563269813114070333,5916,1563269813018213000,/map,437272.9375,115392.875,11.142706871,-0.0238105243471,0.000996931422864,0.0249638577658,0.999404257977
1563269813218167413,5917,1563269813119055000,/map,437274.03125,115392.9375,11.135559082,-0.0238914008447,0.00343125436203,0.0210321831436,0.999487405989
1563269813339193997,5918,1563269813220111000,/map,437275.15625,115392.984375,11.1124181747,-0.0220081554991,0.0005357852981,0.0171330554914,0.999610830491
1563269813425074295,5919,1563269813320778000,/map,437276.25,115393.046875,11.1270952225,-0.0227801918289,0.00233876849497,0.0129289702844,0.999654157571
1563269813518705528,5920,1563269813421622000,/map,437277.28125,115393.09375,11.1127119064,-0.0229766094664,0.00306908824178,0.00914648651214,0.999689450729
1563269813636079468,5921,1563269813522553000,/map,437278.375,115393.148438,11.0944700241,-0.0214514849676,0.00255114706128,0.00477245479095,0.999755244606
1563269813717876740,5922,1563269813623516000,/map,437279.4375,115393.171875,11.0886821747,-0.020276846311,0.00329716757202,0.00107794879074,0.999788385718
1563269813823329420,5923,1563269813724297000,/map,437280.5,115393.179688,11.0729761124,-0.0197375831715,0.00218645272806,-0.00191470537192,0.999800970763
1563269813941704869,5924,1563269813825149000,/map,437281.59375,115393.179688,11.0572099686,-0.0186026117001,0.000185373336167,-0.00339547288826,0.99982117363
1563269814037786397,5925,1563269813925942000,/map,437282.65625,115393.179688,11.0586338043,-0.0186981163069,0.00143867442225,-0.00272406937014,0.999820428931
1563269814136393552,5926,1563269814026863000,/map,437283.65625,115393.164062,11.0676259995,-0.0169240631659,0.00404207876469,-0.000838920815948,0.999848255435
1563269814288187480,5927,1563269814127686000,/map,437284.6875,115393.1875,11.0190830231,-0.0169650524731,0.00462818076908,0.002850961451,0.999841306886
1563269814367892453,5928,1563269814228581000,/map,437285.71875,115393.203125,11.0355195999,-0.0160930015809,0.00404105398239,0.00784330323269,0.999831569704
1563269814480112960,5929,1563269814329612000,/map,437286.78125,115393.21875,11.025267601,-0.0164594908198,0.00439147129517,0.0138353336091,0.999759162842
1563269814541494363,5930,1563269814430589000,/map,437287.8125,115393.265625,11.0156908035,-0.0168570939988,0.00324103581058,0.0208220677944,0.999635821468
1563269814649670310,5931,1563269814531130000,/map,437288.875,115393.34375,10.9956541061,-0.0171690391297,0.00317633009406,0.0300874982825,0.999394755574
1563269814772326360,5932,1563269814631976000,/map,437289.90625,115393.40625,10.9556798935,-0.0164997951926,0.00333754609399,0.0405881611021,0.999034142922
1563269814897355199,5933,1563269814735728000,/map,437290.9375,115393.5,10.978219986,-0.0166991539387,0.0030241997009,0.0520848254761,0.998498454395
1563269815030730418,5934,1563269814833665000,/map,437291.9375,115393.59375,10.9695987701,-0.0152734339627,0.00535773434619,0.064700973527,0.997773421636
1563269815165072263,5935,1563269814934595000,/map,437292.96875,115393.742188,10.9511203766,-0.0147697520575,0.00753671824582,0.0770609712201,0.996888488757
1563269815273447193,5936,1563269815035837000,/map,437293.9375,115393.929688,10.9384679794,-0.0147314868415,0.00852548959769,0.0890070266317,0.995885559958
1563269815370672602,5937,1563269815237264000,/map,437295.90625,115394.34375,10.8789463043,-0.0148123419184,0.00683315051412,0.113658270003,0.993385977473
1563269815515837236,5938,1563269815338105000,/map,437296.875,115394.617188,10.8939094543,-0.0149593970024,0.00817135843312,0.125583806193,0.991936567007
1563269815591458350,5939,1563269815438953000,/map,437297.84375,115394.875,10.8598213196,-0.0154558333053,0.0102370414023,0.137894971991,0.990273344537
1563269815709286227,5940,1563269815540190000,/map,437298.8125,115395.148438,10.8012828827,-0.0140337063105,0.0122144418508,0.150587959716,0.988421534006
1563269815846471214,5941,1563269815640633000,/map,437299.6875,115395.453125,10.7412929535,-0.0154007827666,0.00368199802243,0.161935561021,0.986674279009
1563269815940103471,5942,1563269815743649000,/map,437300.625,115395.796875,10.7573795319,-0.0134393701366,0.000913560698345,0.174016638588,0.984650576718
1563269816056217174,5943,1563269815842497000,/map,437301.5,115396.164062,10.763584137,-0.0160202422732,0.00318802097948,0.184496162917,0.982697488665
1563269816166390984,5944,1563269815943173000,/map,437302.375,115396.546875,10.767408371,-0.0160773087326,0.00372219557876,0.193709767118,0.980920073975
1563269816269607681,5945,1563269816044030000,/map,437303.21875,115396.9375,10.7536878586,-0.0160760021365,0.00406302030553,0.200881328312,0.979475240094
1563269816372179362,5946,1563269816245790000,/map,437304.90625,115397.734375,10.6680078506,-0.0160893204059,0.00375586732306,0.210577500452,0.977437539453
1563269816568541705,5947,1563269816353988000,/map,437305.65625,115398.140625,10.7107248306,-0.0163868144243,0.00195436819421,0.211048144964,0.977336346027
1563269816757748016,5948,1563269816548301000,/map,437307.28125,115398.945312,10.639840126,-0.0189696320481,-5.92287129733e-05,0.208576162257,0.97782213827
1563269816919133168,5949,1563269816649177000,/map,437308.03125,115399.296875,10.6567907333,-0.0182060016066,-0.000530744782228,0.204137736756,0.97877272349
1563269817091162798,5950,1563269816850917000,/map,437309.59375,115400.023438,10.6691160202,-0.0140936667478,0.00504478652865,0.191421544096,0.981393759478
1563269817220309193,5951,1563269817052659000,/map,437311.125,115400.601562,10.6137104034,-0.0116851941443,0.00489026696559,0.176772027862,0.984170306244
1563269817327011487,5952,1563269817153506000,/map,437311.875,115400.890625,10.6077718735,-0.0113107481906,0.00536843908868,0.168191159455,0.985674885912
1563269817512200085,5953,1563269817254309000,/map,437312.65625,115401.171875,10.5960111618,-0.0107088329732,0.00653048460659,0.159172981674,0.987171026506
1563269817619301017,5954,1563269817456027000,/map,437314.1875,115401.6875,10.5586929321,-0.0111602216099,0.00536814726325,0.13886299475,0.9902341648
1563269817791666083,5955,1563269817556877000,/map,437314.90625,115401.9375,10.5547132492,-0.0114593833141,0.0051277032908,0.127038622376,0.991818318856
1563269817947321877,5956,1563269817657835000,/map,437315.625,115402.179688,10.5503883362,-0.0116369420456,0.00519359114681,0.113431691028,0.993464070644
1563269818139908789,5957,1563269817859601000,/map,437317.15625,115402.539062,10.5220689774,-0.0119026987437,0.0045924706423,0.080191350192,0.996697839032
1563269818285909325,5958,1563269818061142000,/map,437318.65625,115402.789062,10.50182724,-0.0122669862372,0.004338437778,0.0425269483613,0.999010589368
1563269818404198787,5959,1563269818162061000,/map,437319.40625,115402.859375,10.4874773026,-0.0124943661366,0.00346387305392,0.021139539644,0.99969245884
1563269818509526823,5960,1563269818363735000,/map,437320.90625,115402.898438,10.465139389,-0.0122807892362,0.0026471601776,-0.020979434808,0.999700974329
1563269818614557536,5961,1563269818464603000,/map,437321.6875,115402.882812,10.4577293396,-0.0122900974667,0.00196892804976,-0.0414213666037,0.99906423578
1563269818728377877,5962,1563269818565418000,/map,437322.4375,115402.8125,10.4638261795,-0.0122280806485,0.00161045531027,-0.0616596637214,0.998021025003
1563269818895858608,5963,1563269818666427000,/map,437323.125,115402.71875,10.4583969116,-0.0121030797356,0.00157182245894,-0.0825302227419,0.996513826883
1563269819097598008,5964,1563269818767277000,/map,437323.875,115402.585938,10.4510383606,-0.012034801958,0.00139956738086,-0.103300636298,0.994576383841
1563269819264357241,5965,1563269819069872000,/map,437325.96875,115402.03125,10.4544324875,-0.0118547555019,0.000851418284174,-0.164443151874,0.986314954597
1563269819373129849,5966,1563269819170683000,/map,437326.6875,115401.828125,10.4415607452,-0.0118048273361,0.000520378958874,-0.185062125352,0.982655781552
1563269819528239032,5967,1563269819271580000,/map,437327.375,115401.523438,10.4620113373,-0.0118790549581,0.00101784764498,-0.206482441412,0.978377664007
1563269819658794694,5968,1563269819473286000,/map,437328.6875,115400.914062,10.4590654373,-0.0119431362458,0.000968139543777,-0.251191664058,0.967863199068
1563269819819415914,5969,1563269819574104000,/map,437329.3125,115400.570312,10.4586467743,-0.0118794941412,0.000217295047588,-0.27475370449,0.961441226634
1563269819967639154,5970,1563269819775760000,/map,437330.5,115399.835938,10.4601240158,-0.0118330338425,-0.00270372088217,-0.321259218005,0.946913503996
1563269820062127601,5971,1563269819877116000,/map,437331.0625,115399.421875,10.452419281,-0.0114365169387,-0.00437799264105,-0.344049826483,0.938871533362
1563269820165288968,5972,1563269819977492000,/map,437331.59375,115398.96875,10.4631986618,-0.0113496833417,-0.00542455578197,-0.366227710774,0.930440230613
1563269820281089092,5973,1563269820078382000,/map,437332.09375,115398.46875,10.4618396759,-0.0110438480972,-0.00617315981515,-0.388314403204,0.921440095601
1563269820371015903,5974,1563269820179257000,/map,437332.59375,115397.953125,10.4715423584,-0.0106246751037,-0.00609093681008,-0.410186989168,0.911919212806
1563269820492441669,5975,1563269820280062000,/map,437333.0625,115397.429688,10.4929771423,-0.0102367803539,-0.00636977541786,-0.431941946294,0.901820818856
1563269820655022256,5976,1563269820381231000,/map,437333.5,115396.890625,10.4963636398,-0.0102106539444,-0.00755354327647,-0.453909467384,0.89095728402
1563269820853271899,5977,1563269820582912000,/map,437334.3125,115395.71875,10.5062046051,-0.00953478424556,-0.00843827143587,-0.4969505482,0.867685447676
1563269821012714997,5978,1563269820784434000,/map,437335.0,115394.5,10.5341091156,-0.00920980193109,-0.0102092892262,-0.538339443243,0.84261592307
1563269821092940309,5979,1563269820885303000,/map,437335.3125,115393.867188,10.5735931396,-0.00956454952355,-0.0111846627682,-0.558551746527,0.829339115901
1563269821191259005,5980,1563269820986087000,/map,437335.5625,115393.210938,10.5881290436,-0.00923912608032,-0.0120800457806,-0.578612331484,0.815460900901
1563269821266489097,5981,1563269821087046000,/map,437335.84375,115392.53125,10.5841283798,-0.00944289526902,-0.0120014520782,-0.597992573111,0.801356150149
1563269821409067910,5982,1563269821187830000,/map,437336.0625,115391.851562,10.6188106537,-0.00893664193674,-0.0124892070538,-0.616426463337,0.787262708018
1563269821556133221,5983,1563269821389508000,/map,437336.375,115390.484375,10.6657381058,-0.00876698763609,-0.0141214918624,-0.651526294142,0.758443940866
1563269821677318274,5984,1563269821490419000,/map,437336.46875,115389.796875,10.6736297607,-0.00818877380204,-0.0149856056701,-0.668509356134,0.743507643786
1563269821817958169,5985,1563269821591200000,/map,437336.5625,115389.078125,10.6817979813,-0.00737098871306,-0.0154873091511,-0.68517085422,0.728180411923
1563269821909177891,5986,1563269821692135000,/map,437336.625,115388.367188,10.7214632034,-0.00768342574459,-0.0156317703372,-0.701391820945,0.712563068251
1563269822092031590,5987,1563269821792914000,/map,437336.65625,115387.664062,10.7284069061,-0.00757036876498,-0.0158094394414,-0.716996966771,0.696855868012
1563269822226083153,5988,1563269821994710000,/map,437336.59375,115386.21875,10.7941770554,-0.00767707379072,-0.0157298699853,-0.746108037413,0.665594794327
1563269822337199205,5989,1563269822095594000,/map,437336.5,115385.515625,10.8047475815,-0.00803268864533,-0.0176575240003,-0.760278897248,0.649307081556
1563269822438700096,5990,1563269822297237000,/map,437336.25,115384.125,10.8218164444,-0.00926456047999,-0.0210952036773,-0.787038833266,0.616473061238
1563269822587336054,5991,1563269822398131000,/map,437336.0625,115383.398438,10.8420562744,-0.00830603188049,-0.0212473388935,-0.799901884758,0.599697036165
1563269822704723755,5992,1563269822499003000,/map,437335.875,115382.6875,10.8910284042,-0.00773479445418,-0.0212969723966,-0.812667855209,0.582286500815
1563269822875298325,5993,1563269822600023000,/map,437335.65625,115382.007812,10.932964325,-0.00887905358321,-0.0215481308009,-0.825187277109,0.564378240336
1563269823041989908,5994,1563269822801530000,/map,437335.125,115380.671875,10.9455833435,-0.00783925186942,-0.0221859303425,-0.849267338593,0.527438449701
1563269823245669346,5995,1563269823003250000,/map,437334.46875,115379.40625,10.9979572296,-0.00688073449241,-0.0228399017507,-0.873191039021,0.486794005463
1563269823412484773,5996,1563269823204990000,/map,437333.6875,115378.1875,11.0483798981,-0.00621107216111,-0.0235065618296,-0.896177154892,0.443029763316
1563269823535719083,5997,1563269823306204000,/map,437333.25,115377.609375,11.0737571716,-0.00679490142764,-0.0237247845443,-0.906924731928,0.420569250576
1563269823676026839,5998,1563269823507643000,/map,437332.3125,115376.5625,11.1031188965,-0.00581273317975,-0.0240854295259,-0.926698342977,0.374988380275
1563269823845627614,5999,1563269823608430000,/map,437331.8125,115376.046875,11.1180286407,-0.00551371346556,-0.0246511666934,-0.935326177302,0.352883636626
1563269824035272820,6000,1563269823810180000,/map,437330.71875,115375.070312,11.138584137,-0.00423315604793,-0.0248320896304,-0.95000088931,0.311229429882
1563269824166613374,6001,1563269823911023000,/map,437330.125,115374.640625,11.1653213501,-0.00404707966891,-0.0252963646101,-0.956476582941,0.290682406363
1563269824294142815,6002,1563269824112734000,/map,437328.9375,115373.835938,11.1794919968,-0.0043122110027,-0.0253679158684,-0.968132919827,0.249111467476
1563269824412034310,6003,1563269824213956000,/map,437328.3125,115373.46875,11.1881227493,-0.00425196741784,-0.0255738945207,-0.973289407738,0.228113185673
1563269824526863071,6004,1563269824314401000,/map,437327.65625,115373.148438,11.1900215149,-0.00483123914359,-0.0259640197545,-0.978036976846,0.206751543475
1563269824643233168,6005,1563269824415299000,/map,437327.0,115372.828125,11.19439888,-0.00542442642858,-0.0257021119593,-0.982329882671,0.185305096124
1563269824758318418,6006,1563269824516285000,/map,437326.3125,115372.5625,11.1991291046,-0.0052607108924,-0.0260170141933,-0.986104841931,0.163989879607
1563269824891463389,6007,1563269824718749000,/map,437324.90625,115372.078125,11.2309923172,-0.00653259395448,-0.0257522683503,-0.992288857023,0.121065974243
